2223 550 0 0 11689 2604 7 8 120 698 5686 35865 108 540 2111 7045
2222 549 0 0 11690 2604 7 8 120 698 5686 35865 108 540 2111 7045
2219 547 0 0 11690 2604 7 8 120 698 5686 35865 108 540 2111 7045
2217 545 0 0 11690 2605 7 8 120 698 5686 35865 108 540 2111 7045
1808 466 0 0 9971 2329 7 9 120 600 3190 29309 108 378 1350 6743
1736 461 0 0 9964 2329 7 9 60 360 1446 29309 67 324 1350 6743
1783 466 0 0 9991 2330 7 9 60 360 1533 29309 67 329 1621 6743
1784 466 0 0 9991 2330 7 9 60 360 1533 29309 108 329 1621 6743
1948 505 0 0 10076 2358 7 9 120 600 9648 29309 108 540 2225 6743
9036 685 0 0 46851 2599 6 7 120 1278 29504 139933 108 1142 4520 7480
9029 678 0 0 46852 2600 6 7 120 1227 29504 139933 108 1142 4520 7480
9625 881 0 0 47349 3467 6 6 120 3987 42598 139933 108 1339 5556 9109
9195 800 0 0 46967 3327 6 7 120 2054 36013 139933 108 1142 5017 7480
9199 803 0 0 46967 3329 6 7 120 2396 36013 139933 108 1226 5017 7480
9195 800 0 0 46967 3330 6 7 120 2396 36013 139933 108 1226 5017 7480
9144 734 0 0 46973 3278 6 7 60 1543 36013 139933 54 594 4425 7416
9027 708 0 0 46974 3258 6 7 60 628 36013 139933 54 594 4258 7416
8248 607 0 0 46755 3194 6 8 60 366 13952 139933 54 388 2499 7257
8248 607 0 0 46755 3194 6 8 60 366 13952 139933 54 394 2499 7257
10069 877 0 0 48870 3624 6 6 60 958 40919 181438 54 707 5575 12466
10275 976 0 0 48858 3734 6 5 120 4388 40919 181438 108 1254 6570 14181
10278 979 0 0 48857 3735 6 5 120 4388 40919 181438 108 1598 6570 14181
10277 978 0 0 48858 3735 6 5 60 4388 40919 181438 54 1598 6570 14181
10279 980 0 0 48857 3734 6 5 120 4388 40919 181438 108 1598 6570 14181
10282 983 0 0 48857 3734 6 5 120 4388 40919 181438 108 1598 6570 14181
10283 985 0 0 48856 3734 6 5 120 4388 40919 181438 108 1598 6570 14181
10335 1016 0 0 48851 3745 6 5 120 4610 40919 181438 108 2035 6570 14181
10335 1016 0 0 48851 3745 6 5 120 4610 40919 181438 108 2035 6570 14181
10338 1019 0 0 48850 3745 6 5 120 4610 40919 181438 108 2035 6570 14181
10341 1021 0 0 48849 3744 6 5 120 4610 40919 181438 108 2035 6570 14181
10337 1018 0 0 48850 3745 6 5 120 4610 40919 181438 108 2035 6570 14181
10337 1019 0 0 48850 3745 6 5 120 4610 40919 181438 108 2035 6570 14181
10342 1023 0 0 48849 3744 6 5 120 4610 40919 181438 108 2035 6570 14181
10346 1027 0 0 48848 3743 6 5 158 4610 40919 181438 162 2035 6570 14181
10343 1021 0 0 48849 3744 6 5 120 4610 40919 181438 108 2035 6570 14181
10342 1020 0 0 48849 3744 6 5 120 4610 40919 181438 108 2035 6570 14181
10292 1013 0 0 48852 3745 6 5 120 4388 40919 181438 108 2035 6570 14181
10293 1014 0 0 48852 3744 6 5 120 4388 40919 181438 108 2035 6570 14181
10682 1181 0 0 49004 4746 6 6 120 4610 43019 181438 108 2403 7199 14606
3582 995 0 0 18202 4638 7 7 120 828 11686 42868 108 707 4394 14606
3581 994 0 0 18202 4638 7 7 120 828 11686 42868 108 707 4394 14606
2708 675 0 0 16035 3620 8 10 60 432 8381 39518 54 486 2505 7839
2703 674 0 0 16036 3620 8 10 60 426 8381 39518 54 437 2505 7839
2696 667 0 0 16036 3619 8 10 60 426 8381 39518 54 432 2505 7839
2697 668 0 0 16036 3619 8 10 75 426 8381 39518 67 432 2505 7839
2698 668 0 0 16036 3619 8 10 120 426 8381 39518 108 432 2505 7839
3089 778 0 0 16477 3842 8 9 120 540 11686 40868 108 486 3862 12466
3090 779 0 0 16477 3842 8 9 120 540 11686 40868 108 486 3862 12466
3089 778 0 0 16477 3842 8 9 120 489 11686 40868 108 437 3862 12466
1379 530 0 0 6863 3438 6 12 60 360 2207 29693 67 324 1678 4377
1177 437 0 0 6680 3304 6 13 60 316 673 29693 54 275 868 3513
1237 461 0 0 6701 3315 6 13 60 360 963 29693 67 324 1167 3868
1368 523 0 0 6796 3348 6 12 120 420 3982 29693 108 383 2253 5103
1428 533 0 0 6867 3351 6 12 120 426 4089 29693 108 491 2373 5103
1424 529 0 0 6868 3351 6 12 60 426 4089 29693 54 491 2373 5103
1696 622 0 0 7480 3495 5 11 60 489 9121 32634 54 561 2606 5280
1661 594 0 0 7460 3479 5 11 60 480 5094 32634 54 540 2399 5280
1661 594 0 0 7460 3479 5 11 60 480 5094 32634 54 540 2399 5280
1970 644 0 0 8814 3531 5 11 60 546 9668 33226 54 760 2606 6197
1967 642 0 0 8815 3532 5 11 60 546 9668 33226 54 760 2606 6197
1971 649 0 0 8814 3531 5 11 60 600 9668 33226 54 807 2606 6197
1974 655 0 0 8813 3532 5 11 60 602 9668 33226 54 886 2606 6197
1971 652 0 0 8814 3532 5 11 60 602 9668 33226 54 886 2606 6197
1970 659 0 0 8814 3532 5 11 60 602 9668 33226 54 935 2606 6197
2963 843 0 0 12388 3942 5 8 60 966 19990 43463 67 1198 3869 12147
2965 845 0 0 12388 3942 5 8 75 966 19990 43463 108 1198 3869 12147
2967 847 0 0 12387 3941 5 8 120 966 19990 43463 108 1198 3869 12147
2967 847 0 0 12387 3941 5 8 75 966 19990 43463 108 1198 3869 12147
2416 643 0 0 11449 2609 6 6 60 602 11076 34036 108 935 2923 9603
2417 645 0 0 11449 2608 6 6 120 602 11076 34036 108 935 2923 9603
2417 645 0 0 11449 2608 6 6 120 602 11076 34036 108 935 2923 9603
2417 644 0 0 11449 2608 6 6 60 602 11076 34036 108 935 2923 9603
2413 640 0 0 11450 2609 6 6 60 505 11076 34036 54 935 2923 9603
2418 650 0 0 11449 2611 6 6 60 630 11076 34036 54 1004 2923 9603
2459 656 0 0 11463 2611 6 6 60 696 12631 34036 54 1160 2923 9603
2696 677 0 0 12045 2619 6 6 60 966 14568 43463 108 1183 3518 9603
4061 645 0 0 17555 2341 5 6 120 1981 18496 66839 108 1436 3779 6674
4274 682 0 0 17627 2365 5 6 180 4340 20465 66839 162 1606 4091 6674
4277 685 0 0 17626 2365 5 6 180 4340 20465 66839 162 1606 4091 6674
4164 665 0 0 17552 2358 5 6 180 4225 19630 66839 162 1436 4091 6674
4852 699 0 0 18694 2379 5 6 180 6939 28280 77284 216 1606 4127 6674
8297 920 0 0 36817 3396 8 6 240 11058 61349 105350 216 2022 5282 9608
8169 861 0 0 36824 3370 8 6 195 10199 61349 105350 216 1578 4218 9608
8109 851 0 0 36822 3368 8 6 180 10109 61349 105350 216 1490 4218 9608
8109 851 0 0 36822 3368 8 6 180 10109 61349 105350 216 1490 4218 9608
7836 756 0 0 36750 3226 8 7 180 7845 61349 105350 175 1303 3779 6674
7821 754 0 0 36752 3226 8 7 180 7845 61349 105350 175 1303 3779 6674
7820 754 0 0 36752 3226 8 7 180 7845 61349 105350 162 1303 3779 6674
7510 703 0 0 36501 3170 8 7 180 5711 52377 105350 162 1138 3378 6590
7511 704 0 0 36501 3170 8 7 180 5711 52377 105350 162 1138 3378 6590
7511 699 0 0 36501 3170 8 7 180 5711 52377 105350 162 1001 3378 6590
7507 693 0 0 36501 3169 8 7 180 5711 52377 105350 162 973 3378 6590
7506 692 0 0 36502 3169 8 7 180 5711 52377 105350 162 973 3378 6590
7504 682 0 0 36502 3170 8 7 180 5711 52377 105350 162 918 3378 6590
6513 500 0 0 35575 2632 9 10 120 852 20450 88243 108 545 1955 5641
6512 499 0 0 35576 2632 9 10 120 852 20450 88243 108 545 1955 5641
6510 497 0 0 35576 2632 9 10 120 852 20450 88243 108 545 1955 5641
6508 495 0 0 35576 2632 9 10 120 852 20450 88243 108 545 1955 5641
6505 492 0 0 35577 2633 9 10 60 852 20450 88243 54 545 1955 5641
6505 492 0 0 35577 2633 9 10 60 852 20450 88243 54 545 1955 5641
6505 493 0 0 35577 2633 9 10 60 852 20450 88243 54 545 1955 5641
6934 559 0 0 35769 2682 8 9 120 4798 24308 88243 108 918 2922 5860
7420 674 0 0 35985 2861 8 8 158 7845 54551 88243 149 1375 3611 6591
7413 663 0 0 35986 2859 8 8 120 7845 54551 88243 108 1303 3611 6591
7372 656 0 0 35987 2859 8 8 120 6879 54551 88243 108 1150 3611 6591
7134 635 0 0 35828 2853 8 8 120 5711 29476 88243 108 980 3446 6591
5373 551 0 0 33417 2796 10 9 60 847 20077 68023 54 540 2350 5860
5160 514 0 0 33386 2774 10 9 60 426 17105 68023 54 383 2022 5641
5157 511 0 0 33387 2775 10 9 60 366 17105 68023 54 378 2022 5641
5155 506 0 0 33387 2775 10 9 60 366 17105 68023 54 324 2022 5641
4463 465 0 0 32768 2754 11 9 60 300 5496 56206 54 270 1619 5638
954 215 0 0 6405 1194 8 9 60 240 363 17045 54 216 326 3057
949 211 0 0 6405 1194 8 9 60 240 303 17045 54 167 272 3057
946 209 0 0 6406 1194 8 9 15 186 300 17045 54 162 270 3057
946 208 0 0 6406 1194 8 9 0 186 300 17045 13 162 270 3057
943 205 0 0 6406 1194 8 9 0 180 300 17045 0 162 270 3057
942 205 0 0 6406 1194 8 9 0 180 300 17045 0 162 270 3057
941 204 0 0 6406 1194 8 9 0 180 300 17045 0 162 270 3057
940 203 0 0 6406 1194 8 9 0 123 300 17045 0 111 270 3057
938 202 0 0 6407 1194 8 9 0 120 300 17045 0 108 270 3057
936 200 0 0 6407 1195 8 9 0 120 300 17045 0 108 270 3057
936 199 0 0 6407 1195 8 9 0 120 300 17045 0 108 270 3057
935 199 0 0 6407 1195 8 9 0 120 300 17045 0 59 270 3057
934 197 0 0 6407 1195 8 9 0 60 300 17045 0 54 270 3057
931 195 0 0 6408 1195 8 9 0 60 300 17045 0 54 270 3057
932 196 0 0 6407 1195 8 9 0 60 300 17045 0 54 270 3057
1139 225 0 0 6990 1246 7 8 0 120 303 19101 0 59 270 3445
1143 229 0 0 6990 1247 7 8 0 120 364 19101 0 108 272 3445
1201 240 0 0 7054 1261 7 8 0 123 475 19101 0 111 359 3495
1199 238 0 0 7054 1261 7 8 0 120 475 19101 0 59 359 3495
1458 292 0 0 7683 1341 6 6 0 240 2911 24107 0 216 2338 4820
1301 272 0 0 6774 1275 6 7 0 240 2911 23316 0 216 2014 3840
986 188 0 0 5745 923 7 6 0 66 467 21593 0 54 272 3492
3598 548 0 0 27109 3852 9 10 0 240 1221 25267 0 117 1534 4847
3606 561 0 0 27108 3853 9 10 0 240 1221 25267 0 216 1971 4847
3607 562 0 0 27108 3853 9 10 0 240 1221 25267 0 216 1971 4847
4037 620 0 0 27477 3882 9 9 0 300 7602 50069 0 270 2662 5162
4039 621 0 0 27477 3882 9 9 0 300 7602 50069 0 270 2662 5162
4039 621 0 0 27477 3882 9 9 0 300 7602 50069 0 270 2662 5162
4039 621 0 0 27477 3882 9 9 0 300 7602 50069 0 270 2662 5162
4040 622 0 0 27477 3882 9 9 0 300 7602 50069 0 270 2662 5162
4038 621 0 0 27477 3882 9 9 0 300 7602 50069 0 270 2662 5162
4040 622 0 0 27477 3882 9 9 0 300 7602 50069 0 270 2662 5162
4040 622 0 0 27477 3882 9 9 0 300 7602 50069 0 270 2662 5162
4040 622 0 0 27477 3882 9 9 0 300 7602 50069 0 270 2662 5162
4042 624 0 0 27477 3881 9 9 0 300 7602 50069 0 270 2662 5162
4041 623 0 0 27477 3882 9 9 0 300 7602 50069 0 270 2662 5162
4041 623 0 0 27477 3882 9 9 0 300 7602 50069 0 270 2662 5162
4041 623 0 0 27477 3881 9 9 0 300 7602 50069 0 270 2662 5162
4186 651 0 0 27563 3890 9 9 0 315 9982 50069 13 270 2931 5162
4312 657 0 0 27628 3890 9 9 0 552 14180 50069 13 437 2931 5162
4314 658 0 0 27628 3890 9 9 60 552 14180 50069 54 437 2931 5162
4314 659 0 0 27628 3890 9 9 60 552 14180 50069 54 437 2931 5162
4315 660 0 0 27628 3890 9 9 60 552 14180 50069 54 437 2931 5162
4317 661 0 0 27627 3889 9 9 60 552 14180 50069 54 437 2931 5162
4316 660 0 0 27627 3889 9 9 60 552 14180 50069 54 437 2931 5162
4110 632 0 0 27510 3877 9 9 60 300 7602 50069 54 270 2543 5136
4108 630 0 0 27510 3877 9 9 60 300 7602 50069 54 270 2543 5136
4049 618 0 0 27500 3873 9 9 60 300 4471 50069 54 270 2367 5136
4049 618 0 0 27500 3873 9 9 60 300 4471 50069 54 270 2367 5136
3791 564 0 0 27355 3851 9 10 60 242 987 42332 54 216 1393 4906
3519 519 0 0 27284 3838 9 10 0 180 661 42332 13 162 603 4906
3346 486 0 0 27143 3800 9 10 0 180 546 37536 0 162 491 3275
1052 174 0 0 7884 953 8 9 0 180 546 1218 0 162 491 2362
1051 167 0 0 7885 946 8 9 0 126 315 1778 0 162 437 1556
1049 166 0 0 7885 946 8 9 0 120 315 1778 0 113 437 1556
619 108 0 0 6279 785 12 13 0 120 273 725 0 108 270 969
615 105 0 0 6279 785 12 13 0 120 241 685 0 108 218 969
615 106 0 0 6279 785 12 13 0 120 241 685 0 108 218 969
615 105 0 0 6279 785 12 13 0 120 241 685 0 108 218 969
615 105 0 0 6279 785 12 13 0 120 241 685 0 108 218 969
614 104 0 0 6279 785 12 13 0 120 241 685 0 108 218 969
613 103 0 0 6279 785 12 13 0 120 240 685 0 108 216 969
613 103 0 0 6279 785 12 13 0 120 240 685 0 108 216 969
613 103 0 0 6279 785 12 13 0 120 240 685 0 108 216 969
611 101 0 0 6279 785 12 13 0 60 240 685 0 59 216 969
610 100 0 0 6280 785 12 13 0 60 183 685 0 54 183 969
610 100 0 0 6280 785 12 13 0 60 183 685 0 54 183 969
610 100 0 0 6280 785 12 13 0 60 183 685 0 54 183 969
465 72 0 0 5802 721 14 16 0 60 180 601 0 54 162 541
337 65 0 0 5394 716 17 16 0 60 123 300 0 54 110 270
336 63 0 0 5394 716 17 16 0 60 120 300 0 54 108 270
335 63 0 0 5394 716 17 16 0 60 120 300 0 0 108 270
334 62 0 0 5394 716 17 16 0 0 120 300 0 0 108 270
332 61 0 0 5394 716 17 16 0 0 63 300 0 0 108 270
331 60 0 0 5394 716 17 16 0 0 60 300 0 0 54 270
330 59 0 0 5394 716 17 16 0 0 60 272 0 0 54 183
328 58 0 0 5394 716 17 16 0 0 60 121 0 0 54 162
328 57 0 0 5394 716 17 16 0 0 60 121 0 0 54 162
328 57 0 0 5394 716 17 16 0 0 60 121 0 0 54 162
327 56 0 0 5394 716 17 16 0 0 60 62 0 0 54 162
327 56 0 0 5394 716 17 16 0 0 60 62 0 0 54 162
327 56 0 0 5394 716 17 16 0 0 60 62 0 0 2 162
9 8 0 0 99 94 14 14 0 0 0 60 0 0 0 54
1 1 0 0 10 8 5 5 0 0 0 60 0 0 0 54
5 9 0 0 57 136 16 17 0 0 0 60 0 0 0 54
3019 206 0 0 43726 2068 16 11 0 0 60 78 0 0 2 938
3671 235 0 0 45089 2118 15 11 0 0 60 1163 0 0 54 1255
3671 235 0 0 45089 2118 15 11 0 0 60 1163 0 0 54 1255
3671 236 0 0 45089 2118 15 11 0 0 60 1163 0 0 54 1255
3671 236 0 0 45089 2118 15 11 0 0 60 1163 0 0 54 1255
3673 238 0 0 45089 2117 15 11 0 0 60 1163 0 0 54 1255
3673 238 0 0 45089 2117 15 11 0 0 60 1163 0 0 54 1255
3673 238 0 0 45089 2117 15 11 0 0 60 1163 0 0 54 1255
3673 238 0 0 45089 2117 15 11 0 0 60 1163 0 0 54 1255
3674 239 0 0 45088 2117 15 11 0 0 60 1163 0 0 54 1255
3675 240 0 0 45088 2117 15 11 0 0 60 1163 0 0 56 1255
3675 240 0 0 45088 2117 15 11 0 0 60 1163 0 0 56 1255
3675 240 0 0 45088 2117 15 11 0 0 60 1163 0 0 56 1255
3675 240 0 0 45088 2117 15 11 0 0 60 1163 0 0 56 1255
3677 241 0 0 45088 2117 15 11 0 60 60 1163 0 54 110 1255
3677 241 0 0 45088 2117 15 11 0 60 60 1163 0 54 110 1255
3677 241 0 0 45088 2117 15 11 0 60 60 1163 0 54 110 1255
3677 241 0 0 45088 2117 15 11 0 60 60 1163 0 54 110 1255
3677 242 0 0 45088 2117 15 11 0 60 60 1163 0 54 110 1255
3679 243 0 0 45088 2117 15 11 0 60 63 1163 0 54 162 1255
3678 243 0 0 45088 2117 15 11 0 60 63 1163 0 54 162 1255
3679 245 0 0 45088 2117 15 11 0 60 123 1163 0 54 167 1255
4428 393 0 0 45676 2580 14 8 0 60 360 6401 0 54 324 4387
4433 401 0 0 45676 2581 14 8 0 60 363 6401 0 54 386 4387
4435 403 0 0 45676 2581 14 8 0 60 363 6401 0 54 386 4387
4438 406 0 0 45675 2581 14 8 0 60 429 6401 0 54 551 4387
4438 406 0 0 45675 2581 14 8 0 60 429 6401 0 54 551 4387
4928 556 0 0 46032 2970 14 6 0 126 988 55364 0 172 1245 10175
5134 572 0 0 46063 2971 14 6 0 306 3588 55364 0 275 1690 10175
5132 565 0 0 46063 2970 14 6 0 300 3588 55364 0 270 1498 10175
2118 368 0 0 14917 2168 9 7 0 66 617 26279 0 108 778 6099
1469 341 0 0 9974 2121 8 8 0 60 600 20367 0 59 551 2157
1471 342 0 0 9974 2121 8 8 0 120 600 20367 0 108 551 2157
1471 342 0 0 9974 2121 8 8 0 120 600 20367 0 108 551 2157
1471 343 0 0 9974 2121 8 8 0 120 600 20367 0 108 551 2157
1469 341 0 0 9974 2121 8 8 0 60 600 20367 0 54 551 2157
1470 342 0 0 9974 2121 8 8 0 120 600 20367 0 108 551 2157
1470 342 0 0 9974 2121 8 8 0 120 600 20367 0 108 551 2157
1470 342 0 0 9974 2121 8 8 0 120 600 20367 0 108 551 2157
1469 341 0 0 9974 2121 8 8 0 66 600 20367 0 59 551 2157
1468 340 0 0 9974 2122 8 8 0 60 600 20367 0 54 551 2157
1469 341 0 0 9974 2121 8 8 0 120 600 20367 0 108 551 2157
1469 341 0 0 9974 2121 8 8 0 120 600 20367 0 108 551 2157
1469 341 0 0 9974 2121 8 8 0 120 600 20367 0 108 551 2157
1468 340 0 0 9975 2122 8 8 0 66 600 20367 0 59 551 2157
1469 341 0 0 9974 2122 8 8 0 120 600 20367 0 108 551 2157
1469 341 0 0 9974 2122 8 8 0 120 600 20367 0 108 551 2157
1469 341 0 0 9974 2121 8 8 0 120 600 20367 0 108 551 2157
1469 341 0 0 9974 2122 8 8 0 120 600 20367 0 108 551 2157
1468 340 0 0 9974 2122 8 8 0 66 600 20367 0 59 551 2157
1469 341 0 0 9974 2122 8 8 0 120 600 20367 0 108 551 2157
1717 400 0 0 10234 2165 7 7 0 246 1124 26279 0 221 1498 5320
19635 1096 0 0 114885 4974 6 5 0 366 18160 381124 0 329 3630 26484
34378 1648 0 0 144272 5907 4 3 0 2155 293792 660195 0 1672 16931 26718
36148 1714 0 0 145539 5940 4 3 0 11078 343191 660195 0 2006 16931 26718
36146 1711 0 0 145539 5941 4 3 0 11078 343191 660195 0 2006 16931 26718
36151 1716 0 0 145538 5940 4 3 0 11078 343191 660195 0 2006 16931 26718
35663 1568 0 0 145530 5785 4 4 0 747 343191 660195 0 1118 13177 26718
35460 1555 0 0 145563 5786 4 4 0 420 343191 660195 0 378 13177 26718
35569 1571 0 0 145542 5785 4 4 0 628 343191 660195 0 767 13177 26718
35569 1571 0 0 145542 5785 4 4 0 628 343191 660195 0 767 13177 26718
36587 1610 0 0 145795 5787 4 4 60 4854 343191 660195 54 1609 13177 26718
37882 1658 0 0 146099 5789 4 4 60 16149 343191 660195 54 2343 13177 26718
37986 1670 0 0 146083 5788 4 4 60 17481 343191 660195 54 2588 13177 26718
39772 1774 0 0 147430 5865 4 3 60 22600 350742 660195 54 3521 14669 26718
39773 1774 0 0 147429 5865 4 3 60 22600 350742 660195 54 3521 14669 26718
39777 1778 0 0 147428 5864 4 3 60 22600 350742 660195 54 3521 14669 26718
39777 1778 0 0 147428 5864 4 3 60 22600 350742 660195 54 3521 14669 26718
39778 1778 0 0 147428 5864 4 3 60 22600 350742 660195 54 3521 14669 26718
39778 1778 0 0 147428 5864 4 3 60 22600 350742 660195 54 3521 14669 26718
39856 1810 0 0 147410 5863 4 3 60 22600 350742 660195 54 3627 14669 26718
39855 1809 0 0 147410 5864 4 3 60 22600 350742 660195 54 3627 14669 26718
39858 1815 0 0 147409 5863 4 3 60 22600 350742 660195 54 3627 14669 26718
44090 2227 0 0 151209 6707 3 3 180 76559 377509 660195 162 5153 17401 27358
44917 2370 0 0 151203 6827 3 3 300 79812 377509 660195 283 5341 20037 27358
44995 2400 0 0 151183 6824 3 3 360 79812 377509 660195 324 5341 20037 27358
46645 2614 0 0 152321 7232 3 3 420 87422 377509 660195 391 6655 21493 27587
46648 2616 0 0 152321 7231 3 3 420 87422 377509 660195 391 6655 21493 27587
46652 2620 0 0 152319 7230 3 3 420 87422 377509 660195 391 6655 21493 27587
46656 2623 0 0 152318 7228 3 3 420 87422 377509 660195 391 6655 21493 27587
46658 2626 0 0 152317 7228 3 3 420 87422 377509 660195 486 6655 21493 27587
46417 2571 0 0 152371 7232 3 3 363 87422 377509 660195 337 6655 21493 27587
27756 1733 0 0 105192 5704 4 4 300 28919 172721 520725 270 3524 12304 24128
13011 1174 0 0 57045 4742 5 6 180 14028 76634 175689 162 1999 4542 14599
11240 1108 0 0 52964 4693 6 6 180 11336 43149 149595 162 1772 4233 14599
11244 1116 0 0 52963 4692 6 6 180 11336 43149 149595 162 1772 4233 14599
11790 1252 0 0 53173 4890 6 6 180 14028 63824 149595 162 1999 4889 17039
11811 1263 0 0 53169 4889 6 6 180 14028 63824 149595 162 2108 4889 17039
12219 1579 0 0 53188 5502 6 5 255 15517 63824 149595 216 2925 10458 21237
12124 1595 0 0 53194 5504 6 5 255 14814 63824 149595 216 3152 10458 21237
12130 1599 30 27 53193 5502 6 5 303 14814 63824 149595 270 3152 10458 21237
11114 1565 0 0 52018 5499 6 5 300 13257 43149 134036 216 2726 10458 21237
9818 1516 0 0 50479 5496 7 5 180 5624 34234 123614 162 2251 10458 21237
10662 1677 0 0 51613 5783 7 4 240 11053 43149 134036 162 2726 11379 23660
9183 1619 0 0 46666 5717 7 4 240 7113 35402 116137 162 2634 10442 23660
9184 1621 0 54 46666 5717 7 4 255 7113 35402 116137 216 2634 10442 23660
9184 1624 60 54 46666 5716 7 4 255 7113 35402 116137 216 2634 10442 23660
9189 1628 60 54 46665 5715 7 4 300 7113 35402 116137 216 2634 10442 23660
9189 1628 60 54 46665 5715 7 4 300 7113 35402 116137 216 2634 10442 23660
17418 2016 60 54 82237 6296 7 4 379 16949 84710 191491 324 4002 15064 25352
17827 2084 60 54 82348 6344 7 4 454 19434 91513 191491 391 4531 15064 25352
17955 2097 60 54 82336 6341 7 4 540 25967 91513 191491 445 4531 15064 25352
17958 2102 60 54 82336 6341 7 4 540 25967 91513 191491 445 4531 15064 25352
15212 2008 60 54 74644 5984 8 3 540 16949 84192 179062 445 4239 15064 25344
14400 1883 60 54 74323 5835 8 4 420 11513 78278 179062 283 3780 14112 25013
15009 1961 60 54 74573 5892 8 3 426 12393 84192 179062 324 4531 14112 25013
13771 1790 60 54 71763 5376 9 3 375 12165 78278 178457 324 4372 11351 23653
13949 1851 60 54 71750 5376 9 3 540 13155 78278 178457 486 4531 11351 23653
15419 2078 60 54 72654 5556 9 3 616 26031 91513 179062 688 7045 14094 23653
15418 2076 60 54 72655 5556 9 3 619 26031 91513 179062 688 7045 14094 23653
15424 2082 60 54 72653 5556 9 3 619 26031 91513 179062 818 7045 14094 23653
15417 2075 60 54 72655 5558 9 3 601 26031 91513 179062 663 7045 14094 23653
15412 2071 60 54 72656 5559 9 3 600 26031 91513 179062 599 7045 14094 23653
15418 2076 60 54 72655 5558 9 3 601 26031 91513 179062 636 7045 14094 23653
15419 2076 60 54 72655 5558 9 3 601 26031 91513 179062 636 7045 14094 23653
16404 2212 60 54 73633 5683 8 3 710 30145 93817 179950 937 8863 14681 23653
15875 2074 60 54 73513 5537 8 3 619 26031 93817 179950 599 7045 14065 23653
15862 2070 60 54 73516 5538 8 3 601 26031 93817 179950 553 7045 14065 23653
15453 1753 60 54 73522 4962 8 3 600 18625 93817 179950 486 4531 11047 18612
16773 1878 60 54 75753 5347 8 3 600 23617 103702 183560 499 5602 11810 19490
17894 2044 60 54 76668 5562 8 3 600 32871 118325 191491 540 7045 14065 20999
17918 2090 60 54 76663 5574 8 3 675 32871 118325 191491 636 7431 14065 20999
19474 2355 60 54 77391 5799 7 3 840 41232 128040 191491 1043 9076 14504 21932
20193 2440 60 54 77621 5747 7 3 1111 47305 131759 191491 1191 9076 14731 21881
24498 2524 60 54 86396 5782 6 3 1498 67937 175689 226751 1417 9243 14731 21881
25202 2569 60 54 86623 5787 6 3 1541 73648 175689 226751 1653 9243 14731 21881
25206 2572 60 54 86622 5785 6 3 1541 73648 175689 226751 1653 9243 14731 21881
25208 2574 60 54 86621 5785 6 3 1541 73648 175689 226751 1653 9243 14731 21881
25213 2579 60 81 86620 5783 6 3 1541 73648 175689 226751 1653 9243 14731 21881
16992 2198 60 54 55188 5184 4 3 1111 40191 118325 214035 1119 8157 14065 18643
19440 2455 60 54 57706 5602 4 3 1205 69765 128040 214035 1417 8957 14504 21881
21514 3044 120 108 60755 7425 3 4 1657 74244 140495 224390 1992 9557 17707 26435
21521 3044 120 108 60753 7424 3 4 1785 74244 140495 224390 1894 9557 17707 26435
20046 2735 120 108 59672 7030 4 4 1489 69765 131759 224390 1506 8956 14504 22426
20036 2724 120 108 59675 7032 4 4 1361 69765 131759 224390 1363 8956 14504 22426
19361 2629 120 108 59428 6994 4 4 1194 57427 131759 224390 1190 8154 14504 22426
20923 2832 120 108 61428 7198 4 4 1489 71234 141843 226751 1466 9047 17838 22426
20749 2775 120 108 61461 7205 4 4 1069 71234 141843 226751 1133 9047 17838 22426
19281 2550 120 108 60519 7089 4 4 720 67937 140190 226751 819 8154 16810 22426
19283 2553 120 108 60518 7088 4 4 720 67937 140190 226751 819 8154 16810 22426
19285 2555 120 108 60517 7087 4 4 720 67937 140190 226751 819 8154 16810 22426
19287 2557 120 135 60517 7086 4 4 720 67937 140190 226751 819 8154 16810 22426
19289 2559 120 162 60516 7085 4 4 720 67937 140190 226751 819 8154 16810 22426
19283 2554 120 108 60518 7087 4 4 720 67937 140190 226751 819 8154 16810 22426
19288 2558 120 162 60516 7086 4 4 720 67937 140190 226751 819 8154 16810 22426
18304 2420 120 162 59369 6993 4 4 625 57427 131759 226751 661 7408 14609 22426
18287 2423 120 162 59373 6992 4 4 603 57427 131759 226751 702 7408 14609 22426
18280 2415 120 135 59375 6994 4 4 600 57427 131759 226751 661 7408 14609 22426
18280 2415 120 162 59375 6994 4 4 600 57427 131759 226751 661 7408 14609 22426
16950 2262 120 162 56539 6716 4 5 555 41732 125603 214076 565 7341 14103 21881
15830 2095 120 135 55273 6544 4 5 540 29229 115490 200770 540 6369 12806 21881
15800 2042 120 108 55280 6536 4 5 540 29229 115490 200770 486 6131 12806 21881
14244 1777 120 108 54151 6324 5 5 420 13562 106749 200770 378 3274 9069 20965
12580 1521 60 54 52693 6103 5 6 398 1596 94069 200770 337 1355 7344 19358
7974 1398 60 54 34940 6041 5 6 360 1092 71138 125627 324 1048 6349 19358
7270 1354 60 54 34020 6028 5 6 360 966 25705 125627 324 923 5776 19358
7262 1343 60 54 34021 6030 5 6 331 966 25705 125627 283 869 5776 19358
7256 1338 60 54 34023 6031 5 6 300 966 25705 125627 270 869 5776 19358
7254 1335 60 54 34023 6031 5 6 303 852 25705 125627 270 847 5776 19358
7253 1341 60 54 34023 6033 5 6 300 852 25705 125627 270 847 5776 19358
4324 989 60 54 28010 5525 8 8 270 606 1921 74528 216 540 1761 11264
2124 389 60 54 18707 2083 11 8 195 540 783 1920 162 383 704 2441
2112 379 0 0 18708 2082 11 8 180 486 723 1509 162 378 702 2441
2103 370 0 0 18709 2082 11 8 180 420 720 1448 162 378 650 2441
2097 365 0 0 18710 2082 11 8 180 420 720 1448 162 378 648 2441
2085 351 0 0 18711 2079 11 8 120 420 665 1279 108 324 540 1214
115 107 0 0 236 273 3 8 120 360 543 961 108 324 486 757
109 102 0 0 233 271 3 8 120 360 540 961 108 324 486 651
103 95 0 0 223 263 3 9 120 360 483 724 108 324 380 648
97 91 0 0 220 262 4 9 120 360 483 724 108 324 380 648
106 103 0 0 331 393 7 9 60 300 540 1021 108 270 383 651
513 174 0 0 3702 800 11 10 120 360 604 2001 108 324 540 1765
509 171 0 0 3703 800 11 10 60 360 604 2001 54 324 540 1765
508 170 0 0 3703 800 11 10 60 360 600 2001 54 324 540 1765
502 164 0 0 3703 800 11 10 60 360 600 2001 54 275 540 1765
496 159 0 0 3704 800 11 10 60 300 600 2001 54 270 488 1765
492 155 0 0 3704 799 11 10 60 300 486 2001 54 221 380 1765
493 162 0 0 3704 804 11 10 60 300 552 2001 54 270 540 1765
560 179 0 0 3795 827 10 9 60 360 715 4235 54 324 758 1947
718 194 0 0 4702 886 8 8 60 360 1089 5691 54 324 814 2080
713 191 0 0 4702 886 8 8 15 306 715 5691 13 275 762 2080
1270 279 0 0 10270 1530 12 10 60 360 1263 14367 54 324 1593 3027
2989 434 0 0 21231 2454 9 9 60 361 1982 29637 54 324 1765 3710
3391 532 0 0 21858 2725 8 8 60 480 3907 48787 54 432 1950 5733
3937 854 0 0 22099 3323 8 5 60 1203 16687 48787 54 1593 4961 12950
3952 862 0 0 22097 3324 8 5 60 1251 16687 48787 54 1607 4961 12950
4045 881 0 0 22119 3325 8 5 60 1763 17749 48787 54 1667 4961 12950
4047 883 0 0 22119 3324 8 5 120 1763 17749 48787 108 1667 4961 12950
4047 883 0 0 22119 3324 8 5 120 1763 17749 48787 108 1667 4961 12950
4043 873 0 0 22119 3320 8 5 120 1407 17749 48787 108 1607 4961 12950
4037 868 0 0 22120 3321 8 5 120 1407 17749 48787 67 1607 4961 12950
4040 871 0 0 22120 3320 8 5 120 1407 17749 48787 108 1607 4961 12950
4041 872 0 0 22120 3320 8 5 120 1407 17749 48787 108 1607 4961 12950
4043 874 0 0 22119 3320 8 5 120 1407 17749 48787 108 1607 4961 12950
4043 874 0 0 22119 3320 8 5 120 1407 17749 48787 108 1607 4961 12950
4047 877 0 0 22118 3319 8 5 120 1407 17749 48787 108 1607 4961 12950
4043 875 0 0 22119 3319 8 5 120 1407 17749 48787 108 1607 4961 12950
4106 899 0 0 22126 3321 8 5 120 1969 17749 48787 108 1768 4961 12950
4228 938 0 0 22142 3328 8 5 120 2760 17749 48787 108 1951 4961 12950
4232 942 0 0 22141 3328 8 5 180 2760 17749 48787 108 1951 4961 12950
5770 1324 0 0 28518 6198 7 10 240 4054 22438 71788 175 2063 8232 13722
5368 1257 0 0 28353 6172 7 10 180 2487 20414 71788 108 1892 8085 13722
5371 1260 0 0 28353 6172 7 10 195 2487 20414 71788 162 1892 8085 13722
5369 1259 0 0 28353 6172 7 10 180 2487 20414 71788 121 1892 8085 13722
5377 1265 0 0 28352 6171 7 10 240 2487 20414 71788 175 1892 8085 13722
5377 1265 0 0 28352 6171 7 10 240 2487 20414 71788 175 1892 8085 13722
5377 1266 0 0 28351 6171 7 10 240 2487 20414 71788 162 1892 8085 13722
5375 1259 0 0 28352 6171 7 10 240 2487 20414 71788 162 1892 8085 13722
5310 1243 0 0 28351 6171 7 10 195 1404 20414 71788 162 1833 8085 13722
5152 1228 0 0 28240 6165 7 10 240 1325 19588 71788 162 1738 8085 13722
5151 1227 0 0 28240 6165 7 10 240 1325 19588 71788 162 1738 8085 13722
4597 1141 0 0 26804 6051 8 11 180 804 16199 43434 162 934 4188 12966
2884 992 0 0 19460 5758 12 12 180 721 12634 29338 121 819 3054 12950
2481 893 0 0 18742 5643 13 13 120 660 7697 22422 108 648 2717 12089
1927 564 0 0 18415 5316 14 16 120 420 1339 15882 108 378 1094 2753
1910 555 0 0 18415 5315 14 16 120 420 1035 15882 108 378 926 2753
1817 535 0 0 18378 5313 14 16 120 360 711 15396 108 324 751 2716
1815 533 0 0 18379 5313 14 16 60 360 711 15396 67 324 751 2716
1812 530 0 0 18379 5314 14 16 60 334 711 15396 54 324 751 2716
1808 527 0 0 18379 5314 14 16 60 314 711 15396 54 275 751 2716
1807 526 0 0 18379 5314 14 16 60 314 711 15396 54 275 751 2716
1802 521 0 0 18380 5314 14 16 60 301 711 15396 54 270 751 2716
1803 522 0 0 18380 5314 14 16 60 301 711 15396 54 270 751 2716
1798 518 0 0 18380 5314 14 16 60 300 711 15396 54 270 751 2716
1800 519 0 0 18380 5314 14 16 60 300 711 15396 54 270 751 2716
1795 515 0 0 18380 5315 14 16 60 300 711 15396 54 270 751 2716
1796 515 0 0 18380 5315 14 16 60 300 711 15396 54 270 751 2716
1732 490 0 0 18364 5312 14 16 0 240 546 3546 0 216 491 2605
1609 451 0 0 18328 5304 14 16 0 180 420 1036 0 162 378 1099
1605 447 0 0 18328 5304 14 16 0 180 420 1036 0 113 326 934
48 42 0 0 190 172 7 7 0 120 241 540 0 108 216 486
42 41 0 0 160 166 8 7 0 120 241 426 0 108 216 486
4642 590 0 0 45489 5129 12 12 0 126 429 3910 0 108 383 3917
5176 666 0 0 45921 5153 11 12 0 243 1124 23626 0 216 1536 5999
5174 664 0 0 45921 5153 11 12 0 240 1409 23626 0 216 1536 5999
5173 664 0 0 45921 5153 11 12 0 240 1409 23626 0 216 1536 5999
5171 661 0 0 45922 5154 11 12 0 186 1409 23626 0 118 1536 5999
5177 667 0 0 45921 5153 11 12 0 243 1409 23626 0 216 1536 5999
5175 665 0 0 45921 5153 11 12 0 240 1409 23626 0 216 1536 5999
5169 660 0 0 45922 5154 11 12 0 120 1409 23626 0 108 1536 5999
5171 666 0 0 45921 5154 11 12 0 132 1409 23626 0 108 1677 5999
5442 743 0 0 45944 5173 11 12 0 366 3620 23626 0 226 2617 5999
6455 831 0 0 47167 5224 10 12 0 786 14521 76374 0 729 3678 8558
6545 840 0 0 47181 5225 10 12 0 849 14920 76374 0 999 3678 8558
6545 840 0 0 47181 5225 10 12 0 849 14920 76374 0 999 3678 8558
6545 840 0 0 47181 5225 10 12 0 849 14920 76374 0 999 3678 8558
6553 847 0 0 47180 5224 10 12 0 849 14920 76374 0 999 3678 8558
6556 850 0 0 47180 5224 10 12 15 849 14920 76374 54 999 3678 8558
6557 851 0 0 47179 5224 10 12 60 849 14920 76374 54 999 3678 8558
6559 852 0 0 47179 5224 10 12 60 849 14920 76374 54 999 3678 8558
6566 859 0 0 47178 5223 10 12 60 888 14920 76374 54 999 3678 8558
6571 864 0 0 47177 5222 10 12 60 888 14920 76374 54 999 3678 8558
6571 863 0 0 47178 5222 10 12 60 888 14920 76374 54 999 3678 8558
6571 863 0 0 47178 5222 10 12 60 888 14920 76374 54 999 3678 8558
6570 864 0 0 47178 5222 10 12 60 888 14920 76374 54 999 3678 8558
6576 869 0 0 47177 5222 10 12 120 888 14920 76374 108 999 3678 8558
6577 869 0 0 47177 5221 10 12 120 888 14920 76374 108 999 3678 8558
6577 869 0 0 47177 5221 10 12 120 888 14920 76374 108 999 3678 8558
6577 869 0 0 47177 5221 10 12 120 888 14920 76374 108 999 3678 8558
6582 873 0 0 47176 5221 10 12 120 888 14920 76374 108 999 3678 8558
6582 874 0 0 47176 5221 10 12 120 888 14920 76374 108 999 3678 8558
6581 869 0 0 47176 5221 10 12 120 888 14920 76374 108 874 3678 8558
2331 333 0 0 14270 1140 8 5 120 666 4414 27181 108 599 2188 4405
1803 262 0 0 12693 1003 10 6 60 420 1264 21261 54 329 1618 3676
1798 257 0 0 12693 1002 10 6 60 366 1145 21261 54 324 1618 3676
2244 304 0 0 13749 1140 8 5 75 426 1865 27196 67 378 1721 4405
2762 404 0 0 14604 1393 7 4 120 666 14521 35598 108 599 2750 4961
2755 398 0 0 14605 1394 7 4 120 627 14521 35598 108 448 2750 4961
2755 398 0 0 14605 1394 7 4 120 627 14521 35598 108 448 2750 4961
3289 424 0 0 17187 1453 7 4 120 666 14920 63360 108 599 2766 6166
3288 420 0 0 17187 1451 7 4 120 666 14920 63360 108 453 2766 6166
3016 343 0 0 17093 1364 7 5 60 360 2019 63360 54 324 1677 6166
2699 295 0 0 15578 1232 6 5 60 301 969 63360 54 324 872 6139
2608 286 0 0 15515 1224 7 5 60 300 846 63360 54 275 841 6139
2610 287 0 0 15514 1224 7 5 60 300 846 63360 54 275 841 6139
2611 288 0 0 15514 1224 7 5 60 301 846 63360 54 324 841 6139
3151 361 0 0 16719 1441 6 5 60 360 1918 70271 54 324 1450 6234
3385 393 0 0 17030 1509 5 4 60 360 8336 70271 54 383 1677 7362
3389 403 0 0 17030 1514 5 4 60 426 8336 70271 54 448 1772 7362
5152 513 0 0 22014 1789 4 4 60 722 35293 96064 54 715 4023 7670
5146 507 0 0 22015 1789 4 4 60 720 35293 96064 54 653 4023 7670
5143 503 0 0 22016 1790 4 4 60 720 35293 96064 54 653 4023 7670
5143 503 0 0 22016 1790 4 4 60 720 35293 96064 54 653 4023 7670
5145 505 0 0 22015 1790 4 4 60 720 35293 96064 54 653 4023 7670
5144 504 0 0 22016 1790 4 4 60 720 35293 96064 54 653 4023 7670
5770 534 0 0 24417 1835 4 4 60 744 41166 99772 54 910 4471 7670
7312 828 0 0 28956 3422 4 6 60 1254 60505 116946 54 1173 5806 9005
7315 831 0 0 28956 3421 4 6 60 1254 60505 116946 54 1173 5806 9005
7318 833 0 0 28955 3421 4 6 60 1254 60505 116946 54 1173 5806 9005
7315 833 0 0 28956 3421 4 6 60 1254 60505 116946 54 1237 5806 9005
9243 1061 0 0 35161 3881 5 6 60 8856 70495 122335 67 2043 6364 11543
9243 1061 0 0 35161 3881 5 6 60 8856 70495 122335 67 2043 6364 11543
10181 1239 0 0 39474 4470 5 5 120 9824 70495 153872 108 3086 7419 13045
12950 1820 0 0 49330 6392 5 5 195 25883 94127 160410 162 4707 9121 29080
12973 1842 0 0 49324 6391 5 5 240 25883 94127 160410 216 4707 9121 29080
12604 1825 0 0 49128 6381 6 5 240 19601 94127 160410 216 4479 9121 29080
12139 1736 0 0 48978 6351 6 5 240 14118 94127 160410 216 4004 8435 29080
12912 1839 0 0 50249 6454 5 5 303 15801 94437 181246 270 4063 9223 29080
12917 1843 0 0 50248 6453 5 5 312 15801 94437 181246 276 4063 9223 29080
12386 1821 0 0 49528 6445 6 5 317 14353 94127 181246 303 4004 9223 29080
12387 1820 0 0 49528 6445 6 5 332 14353 94127 181246 303 4004 9223 29080
12392 1823 0 0 49526 6445 6 5 360 14353 94127 181246 324 4004 9223 29080
11695 1782 0 0 48939 6432 6 5 360 10337 61009 181246 324 3389 9223 29080
11702 1785 0 0 48937 6431 6 5 360 10337 61009 181246 324 3389 9223 29080
11703 1787 0 0 48937 6431 6 5 360 10337 61009 181246 324 3389 9223 29080
11702 1786 0 0 48937 6431 6 5 360 10337 61009 181246 324 3389 9223 29080
11214 1727 0 0 48628 6402 6 5 339 9393 58543 181246 303 2535 8435 29080
10978 1693 0 0 48558 6393 6 5 303 6382 56742 181246 270 2445 8435 29080
10974 1684 0 0 48559 6394 6 5 300 6382 56742 181246 270 2416 8435 29080
9211 1573 0 0 46733 6343 7 5 271 3070 34125 181246 216 1756 6367 29080
9213 1576 0 0 46732 6343 7 5 271 3070 34125 181246 216 1756 6367 29080
9216 1579 0 0 46732 6342 7 5 300 3070 34125 181246 270 1756 6367 29080
9218 1581 0 0 46731 6341 7 5 300 3070 34125 181246 270 1756 6367 29080
9219 1582 0 0 46731 6341 7 5 300 3070 34125 181246 270 1756 6367 29080
9220 1582 0 0 46731 6341 7 5 300 3070 34125 181246 270 1756 6367 29080
8594 1553 0 27 45570 6333 7 5 300 1816 25438 129778 270 1552 6221 29080
7051 1259 0 0 42875 5674 8 6 240 1321 14293 74276 216 969 4338 19965
7052 1259 0 27 42875 5674 8 6 248 1321 14293 74276 216 969 4338 19965
7054 1262 0 54 42874 5673 8 6 248 1321 14293 74276 216 1179 4338 19965
7059 1266 60 54 42874 5673 8 6 300 1321 14293 74276 229 1179 4338 19965
5140 1046 0 54 37839 5377 10 7 240 840 3699 56687 216 756 2519 11976
5233 1083 60 54 37852 5393 10 7 248 970 4531 56687 216 847 2843 11976
3946 895 0 27 32764 4911 12 8 240 840 2088 24583 162 756 1702 9166
1180 317 0 0 12184 1472 16 11 180 552 1500 6422 162 550 1179 2827
1158 297 0 0 12183 1454 16 11 135 540 1244 6422 121 486 1057 2510
1082 266 0 0 12152 1413 16 12 120 489 1082 2353 108 432 924 1841
1029 256 0 0 12129 1411 16 12 120 420 897 2045 108 378 844 1841
254 151 0 0 1613 589 12 10 120 360 840 1509 108 324 756 1191
249 147 0 0 1612 586 12 10 120 360 726 1509 108 324 653 1182
245 143 0 0 1612 586 12 10 60 360 726 1509 54 324 653 1182
243 141 0 0 1612 586 12 10 60 360 726 1509 54 275 653 1182
236 135 0 0 1611 582 12 11 60 303 663 1509 54 270 545 1053
230 130 0 0 1611 582 12 11 60 300 663 1509 54 270 545 1053
223 126 0 0 1610 582 12 11 60 300 603 1509 54 270 545 1053
2444 277 0 0 24977 1583 14 10 60 301 842 2571 54 275 830 2584
2445 277 0 0 24977 1583 14 10 60 316 842 2571 54 324 830 2584
2386 257 0 0 24969 1573 14 10 60 300 669 2045 54 270 758 2115
2386 259 0 0 24969 1574 14 10 60 300 669 2045 54 270 816 2115
2383 256 0 0 24969 1574 14 10 15 300 669 2045 54 270 816 2115
2388 261 0 0 24969 1574 14 10 60 300 669 2045 54 275 816 2115
2431 273 0 0 24978 1594 14 10 60 300 669 2570 54 275 841 2584
2426 269 0 0 24978 1594 14 10 15 300 669 2570 54 270 841 2584
2423 266 0 0 24978 1595 14 10 0 300 669 2570 0 270 841 2584
2424 269 0 0 24978 1595 14 10 0 300 660 2570 0 275 848 2584
2423 269 0 0 24978 1595 14 10 0 300 660 2570 0 275 848 2584
2417 263 0 0 24979 1595 14 10 0 245 660 2570 0 216 848 2584
2417 265 0 0 24979 1596 14 10 0 290 660 2570 0 221 848 2584
2945 289 0 0 25761 1607 13 10 0 300 897 24383 0 383 1051 2584
2945 290 0 0 25761 1606 13 10 0 301 756 24383 0 432 1038 2584
3158 346 0 0 25865 1672 12 9 0 316 1546 41066 0 598 1848 4202
3227 357 0 0 25886 1679 12 9 0 480 1546 41066 0 815 1867 4202
3398 410 0 0 25921 1686 12 8 0 606 3625 41066 0 994 2271 4202
3400 410 0 0 25920 1685 12 8 0 600 3625 41066 0 859 2271 4202
3398 408 0 0 25921 1684 12 8 0 600 3625 41066 0 859 2271 4202
3549 429 0 0 25960 1696 12 8 0 693 4291 41066 0 1015 2754 4202
3602 439 0 0 25970 1701 12 8 0 759 13930 41066 0 1026 2754 4202
3656 448 0 0 25978 1705 12 8 0 863 15157 41066 13 1127 2754 4202
3714 461 0 0 25987 1710 12 8 60 982 15921 41066 54 1731 2784 4202
3776 475 0 0 25991 1711 12 8 60 1343 15921 41066 54 1731 2784 4202
3785 482 0 0 25990 1711 12 8 60 1560 15921 41066 54 1731 2784 4202
3787 485 0 0 25990 1711 12 8 60 1560 15921 41066 54 1731 2784 4202
3921 498 0 0 26022 1714 12 8 60 1871 16266 41066 54 1830 2784 4202
3929 501 0 0 26021 1714 12 8 75 2107 16266 41066 54 1830 2784 4202
4066 516 0 0 26054 1718 12 8 120 2376 19005 41066 108 1860 2784 4202
1842 362 0 0 8048 925 7 3 60 1763 15921 21689 54 1723 2275 3945
1913 367 0 0 8128 930 7 3 60 1871 16063 21689 54 1731 2275 3945
1912 367 0 0 8128 931 7 3 60 1871 16063 21689 54 1731 2275 3945
1945 402 0 0 8125 971 7 3 75 2181 16063 21689 54 1830 2674 3948
2065 430 0 0 8194 990 6 2 135 2399 16208 21689 108 1864 2678 3948
2060 425 0 0 8195 991 6 2 120 2399 16208 21689 54 1864 2678 3948
2163 447 0 0 8339 1048 6 3 173 2415 16629 21922 108 1892 2678 3948
2180 455 0 0 8337 1054 6 3 240 2444 16629 21922 117 1946 2678 3948
2183 458 0 0 8337 1054 6 3 240 2444 16629 21922 162 1946 2678 3948
2180 454 0 0 8338 1054 6 3 240 2444 16629 21922 108 1946 2678 3948
