71 326 0 0 170 1061 2 3 0 406 486 585 0 183 3500 3532
73 316 0 0 174 1045 2 3 0 413 486 585 0 183 3500 3532
69 281 0 0 167 953 2 3 0 396 475 487 0 179 3360 3532
68 280 0 0 164 950 2 3 0 287 452 487 0 179 3353 3532
67 278 0 0 163 950 2 3 0 275 452 487 0 179 3353 3532
61 231 0 0 158 877 3 4 0 259 446 487 0 179 3283 3532
59 209 0 0 156 835 3 4 0 230 435 487 0 179 1009 3532
57 192 0 0 151 787 3 5 0 169 435 486 0 179 938 3532
55 191 0 0 149 787 3 5 0 163 435 486 0 179 938 3532
55 180 0 0 153 763 3 5 0 163 435 486 0 179 348 3500
54 158 0 0 144 653 3 4 0 163 435 486 0 179 319 3500
53 158 0 0 142 652 3 4 0 163 435 486 0 179 319 3500
51 135 0 0 144 594 3 5 0 163 435 486 0 163 318 3355
53 147 0 0 146 625 3 4 0 163 435 486 0 164 319 3500
69 136 0 0 328 600 12 5 0 163 435 599 0 163 318 3500
69 136 0 0 328 600 12 5 0 163 435 599 0 163 318 3500
68 124 0 0 328 567 12 5 0 163 435 599 0 141 264 3355
66 113 0 0 327 534 12 5 0 163 435 599 0 124 259 3324
67 113 0 0 328 534 12 5 0 163 435 599 0 124 259 3324
66 112 0 0 327 534 12 5 0 163 435 599 0 123 221 3324
67 113 0 0 327 534 12 5 0 163 435 599 0 123 259 3324
68 113 0 0 328 534 12 5 0 163 435 599 0 123 259 3324
70 125 0 0 329 569 12 5 0 163 435 599 0 124 280 3500
70 125 0 0 329 569 12 5 0 163 435 599 0 124 280 3500
67 102 0 0 327 497 12 6 0 163 435 558 0 123 221 1048
64 101 0 0 325 497 12 6 0 163 435 558 0 123 221 1048
64 101 0 0 326 495 12 6 0 163 435 598 0 123 221 1048
64 101 0 0 326 495 12 6 0 163 435 598 0 123 221 1048
63 100 0 0 326 495 12 6 0 163 435 598 0 123 221 1048
65 112 0 0 326 532 12 5 0 163 435 598 0 123 259 3323
65 109 0 0 327 530 12 6 0 163 435 598 0 123 221 3323
61 108 0 0 323 530 13 6 0 163 435 558 0 123 188 3323
64 109 0 0 324 530 12 6 0 163 435 558 0 123 221 3323
64 109 0 0 325 533 12 6 0 163 435 558 0 123 221 3445
64 109 0 0 325 533 12 6 0 163 435 558 0 123 221 3445
66 110 0 0 326 533 12 6 0 163 435 558 0 123 221 3445
67 132 0 0 327 600 12 5 0 163 435 558 0 127 280 3500
68 143 0 0 327 631 12 5 0 163 446 558 0 164 319 3500
69 144 0 0 328 631 12 5 0 163 446 558 0 179 319 3500
68 155 0 0 326 663 12 4 0 163 446 558 0 179 342 3500
67 155 0 0 325 662 12 4 0 163 435 487 0 164 282 3500
68 155 0 0 325 662 12 4 0 163 435 487 0 179 282 3500
65 154 0 0 322 662 13 4 0 163 435 486 0 164 259 3500
64 142 0 0 321 634 13 5 0 163 435 486 0 163 221 3500
45 130 0 0 125 601 2 5 0 163 435 486 0 163 179 3500
44 130 0 0 123 601 2 5 0 163 435 486 0 163 179 3500
44 130 0 0 123 601 2 5 0 163 435 486 0 163 179 3500
45 130 0 0 125 602 2 5 0 163 435 486 0 163 179 3500
45 130 0 0 124 602 2 5 0 163 435 486 0 163 179 3500
45 130 0 0 124 602 2 5 0 163 435 486 0 163 179 3500
45 130 0 0 128 602 2 5 0 163 435 486 0 163 179 3500
47 152 0 0 131 662 2 4 0 163 435 486 0 163 185 3500
46 141 0 0 128 633 2 5 0 163 435 486 0 163 179 3500
47 141 0 0 130 633 2 5 0 163 435 486 0 163 179 3500
47 152 0 0 130 662 2 4 0 163 435 486 0 163 185 3500
47 152 0 0 130 662 2 4 0 163 435 486 0 163 185 3500
47 141 0 0 128 634 2 5 0 163 435 486 0 163 179 3500
46 141 0 0 127 634 2 5 0 163 435 486 0 163 179 3500
46 141 0 0 127 634 2 5 0 163 435 486 0 163 179 3500
46 130 0 0 127 603 2 5 0 163 435 486 0 163 179 3500
43 129 0 0 123 603 2 5 0 163 435 486 0 127 179 3500
44 141 0 0 125 634 2 5 0 163 435 486 0 163 183 3500
44 141 0 0 127 637 2 4 0 163 435 486 0 123 179 3500
43 130 0 0 125 606 2 5 0 163 435 486 0 123 179 3500
43 130 0 0 125 606 3 5 0 163 435 486 0 123 179 3500
49 169 0 0 140 722 3 4 0 163 451 486 0 127 264 3500
47 147 0 0 136 668 3 5 0 163 435 486 0 123 179 3500
46 135 0 0 134 640 3 5 0 163 435 486 0 123 179 3500
45 135 0 0 134 640 3 5 0 163 435 486 0 123 179 3500
44 123 0 0 130 606 3 5 0 163 435 486 0 123 179 3500
45 135 0 0 133 637 3 5 0 163 435 486 0 123 179 3500
44 123 0 0 131 606 3 5 0 163 435 486 0 123 179 3500
44 123 0 0 131 606 3 5 0 163 435 486 0 123 179 3500
46 137 0 0 134 639 3 5 0 163 435 486 0 123 179 3500
46 137 0 0 133 639 3 5 0 163 435 486 0 123 179 3500
46 137 0 0 133 639 3 5 0 163 435 486 0 123 179 3500
47 148 0 0 136 668 3 5 0 163 435 486 0 123 183 3500
48 148 0 0 137 669 3 5 0 163 451 486 0 123 183 3500
48 149 0 0 137 669 3 5 0 163 451 486 0 123 183 3500
50 160 0 0 140 696 3 4 0 163 452 526 0 123 264 3500
53 184 0 0 145 747 2 4 0 163 475 555 0 123 918 3500
53 172 0 0 145 722 3 4 0 163 452 585 0 123 293 3500
53 172 0 0 145 722 3 4 0 163 452 585 0 123 293 3500
52 172 0 0 145 722 3 4 0 163 452 585 0 123 293 3500
51 161 0 0 143 696 3 4 0 163 451 585 0 123 183 3500
51 161 0 0 143 696 3 4 0 163 451 585 0 123 183 3500
51 161 0 0 143 696 3 4 0 163 451 585 0 123 183 3500
51 160 0 0 143 696 3 4 0 163 451 585 0 123 183 3500
51 161 0 0 143 696 3 4 0 163 451 585 0 123 183 3500
51 160 0 0 143 696 3 4 0 163 451 585 0 123 181 3500
51 161 0 0 143 696 3 4 0 163 451 585 0 123 181 3500
50 149 0 0 141 669 3 5 0 163 435 585 0 123 179 3500
48 148 0 0 138 668 3 5 0 163 435 558 0 123 179 3500
48 148 0 0 138 668 3 5 0 163 435 558 0 123 179 3500
48 148 0 0 138 668 3 5 0 163 435 558 0 123 179 3500
42 108 0 0 124 539 3 5 0 163 435 555 0 123 179 3500
46 121 0 0 138 577 3 5 0 163 435 558 0 123 179 3500
46 121 0 0 138 577 3 5 0 163 435 558 0 123 179 3500
45 121 0 0 137 577 3 5 0 163 435 558 0 123 179 3500
46 121 0 0 138 577 3 5 0 163 435 558 0 123 179 3500
44 109 0 0 135 543 3 5 0 163 435 558 0 123 179 3500
46 121 0 0 136 573 3 5 0 163 435 558 0 123 179 3500
47 121 0 0 138 573 3 5 0 163 435 558 0 123 179 3500
45 106 0 0 135 536 3 5 0 163 435 558 0 123 179 3285
44 106 0 0 134 536 3 5 0 163 435 558 0 123 179 3285
45 107 0 0 136 536 3 5 0 163 435 558 0 123 179 3285
45 107 0 0 136 536 3 5 0 163 435 558 0 123 179 3285
46 107 0 0 144 537 3 5 0 163 435 585 0 123 179 3285
45 106 0 0 142 537 3 5 0 163 435 585 0 123 179 3285
43 95 0 0 139 499 4 6 0 163 435 558 0 123 179 1503
41 83 0 0 134 459 4 6 0 163 425 486 0 123 179 1194
40 82 0 0 132 459 4 6 0 163 425 486 0 123 179 1194
41 94 0 0 135 500 4 6 0 163 435 486 0 123 179 1503
41 94 0 0 135 500 4 6 0 163 435 486 0 123 179 1503
43 110 0 0 140 575 4 6 0 163 435 486 0 123 179 3285
46 133 0 0 145 637 3 5 0 163 435 487 0 123 179 3500
46 133 0 0 145 637 3 5 0 163 435 487 0 123 179 3500
50 156 0 0 152 694 3 4 0 163 435 558 0 123 219 3500
50 156 0 0 153 694 3 4 0 163 435 558 0 127 219 3500
52 168 0 0 152 716 3 4 0 163 435 545 0 163 225 3500
52 168 0 0 152 716 3 4 0 163 435 545 0 163 225 3500
52 168 0 0 152 716 3 4 0 163 435 545 0 163 225 3500
52 168 0 0 152 715 3 4 0 163 435 545 0 163 343 3500
52 168 0 0 152 715 3 4 0 163 435 545 0 163 343 3500
53 185 0 0 155 767 3 4 0 163 435 585 0 163 396 3500
59 219 0 0 171 877 3 4 0 163 437 598 0 179 1557 3500
56 207 0 0 162 854 3 4 0 163 435 585 0 164 847 3500
56 207 0 0 162 854 3 4 0 163 435 585 0 164 847 3500
57 207 0 0 163 854 3 4 0 163 435 585 0 179 847 3500
56 207 0 0 162 854 3 4 0 163 435 585 0 164 847 3500
56 207 0 0 162 854 3 4 0 163 435 585 0 164 847 3500
57 207 0 0 164 857 3 4 0 163 452 585 0 164 847 3500
57 218 0 0 164 877 3 4 0 163 486 585 0 164 1557 3500
59 230 0 0 166 897 3 4 0 163 486 585 0 179 3289 3500
60 230 0 0 167 897 3 4 0 169 486 585 0 179 3289 3500
59 241 0 0 167 917 3 4 0 163 486 585 0 179 3462 3500
62 253 0 0 171 936 3 4 0 169 486 598 0 179 3500 3500
62 265 0 0 165 952 3 3 0 230 486 585 0 179 3500 3500
62 264 0 0 165 952 3 3 0 230 486 585 0 179 3500 3500
63 276 0 0 167 970 3 3 0 276 486 585 0 179 3500 3500
62 265 0 0 165 952 3 3 0 230 486 585 0 179 3500 3500
64 276 0 0 166 969 3 3 0 272 486 585 0 179 3500 3500
62 265 0 0 165 951 3 3 0 230 486 585 0 179 3500 3500
62 265 0 0 165 951 3 3 0 230 486 585 0 179 3500 3500
67 284 0 0 168 966 3 3 0 399 486 585 0 179 3500 3500
65 272 0 0 165 946 3 3 0 259 486 585 0 179 3492 3500
66 275 0 0 165 947 3 3 0 259 486 585 0 179 3492 3500
65 276 0 0 162 947 3 3 0 259 486 486 0 179 3492 3500
68 299 0 0 164 980 2 3 0 272 486 486 0 219 3500 3500
67 298 0 0 165 982 2 3 0 399 486 486 0 183 3500 3500
67 298 0 0 165 982 2 3 0 399 486 486 0 183 3500 3500
69 310 0 0 167 999 2 3 0 435 486 486 0 219 3500 3500
69 310 0 0 167 999 2 3 0 435 486 486 0 219 3500 3500
72 332 0 0 170 1032 2 3 0 435 486 486 0 345 3500 3500
70 316 0 0 167 997 2 3 0 435 486 486 0 231 3500 3500
64 281 0 0 150 905 2 3 0 399 486 486 0 179 3500 3500
62 281 0 0 148 905 2 3 0 272 486 486 0 179 3500 3500
62 281 0 0 148 905 2 3 0 272 486 486 0 179 3500 3500
63 281 0 0 148 905 2 3 0 272 486 486 0 183 3500 3500
63 281 0 0 148 905 2 3 0 272 486 486 0 183 3500 3500
64 293 0 0 149 923 2 3 0 368 486 486 0 219 3500 3500
64 293 0 0 149 924 2 3 0 368 486 486 0 219 3500 3500
64 282 0 0 149 905 2 3 0 368 486 486 0 183 3500 3500
62 271 0 0 147 886 2 3 0 269 486 486 0 179 3500 3500
65 294 0 0 151 924 2 3 0 399 486 486 0 219 3500 3500
67 305 0 0 153 942 2 3 0 435 486 486 0 227 3500 3500
63 282 0 0 147 905 2 3 0 368 486 486 0 183 3500 3500
61 270 0 0 144 887 2 3 0 269 486 486 0 179 3500 3500
63 282 0 0 146 904 2 3 0 368 486 486 0 179 3500 3500
63 282 0 0 145 901 2 3 0 269 486 486 0 183 3500 3500
63 282 0 0 145 901 2 3 0 269 486 486 0 183 3500 3500
60 259 0 0 141 863 2 3 0 259 452 486 0 179 3492 3500
60 259 0 0 141 863 2 3 0 259 452 486 0 179 3492 3500
61 259 0 0 141 863 2 3 0 259 452 486 0 179 3492 3500
57 246 0 0 136 842 2 3 0 244 446 486 0 179 3360 3500
60 270 0 0 141 884 2 3 0 269 475 486 0 179 3500 3500
59 267 0 0 140 884 2 3 0 269 475 486 0 179 3500 3500
56 244 0 0 137 844 2 3 0 230 452 486 0 179 3500 3500
53 221 0 0 134 803 2 3 0 163 446 486 0 179 3329 3500
52 210 0 0 132 781 2 3 0 163 446 486 0 179 3283 3500
52 210 0 0 132 781 2 3 0 163 446 486 0 179 3283 3500
53 210 0 0 134 781 2 3 0 163 451 486 0 179 3283 3500
55 221 0 0 136 802 2 3 0 169 451 486 0 179 3321 3500
57 234 0 0 138 824 2 3 0 230 451 486 0 179 3321 3500
59 257 0 0 142 866 2 3 0 368 475 486 0 179 3500 3500
61 268 0 0 144 885 2 3 0 396 475 486 0 179 3500 3500
62 279 0 0 146 905 2 3 0 408 486 486 0 179 3500 3500
63 291 0 0 147 921 2 3 0 408 486 486 0 179 3500 3500
66 292 0 0 154 921 2 3 0 435 486 486 0 179 3500 3500
68 303 0 0 157 938 2 3 0 435 486 486 0 179 3500 3500
70 315 0 0 160 994 2 3 0 435 486 486 0 183 3500 3500
70 315 0 0 160 995 2 3 0 435 486 486 0 183 3500 3500
70 326 0 0 160 1012 2 3 0 435 486 486 0 219 3500 3500
71 326 0 0 161 1012 2 3 0 435 486 486 0 219 3500 3500
88 316 0 0 345 995 12 3 0 435 486 486 0 219 3500 3500
86 304 0 0 344 979 12 3 0 435 486 486 0 183 3500 3500
93 329 0 0 349 1013 11 3 0 435 486 585 0 219 3500 3532
92 328 0 0 349 1013 11 3 0 435 486 585 0 219 3500 3532
92 328 0 0 350 1015 11 3 0 435 486 585 0 219 3500 3532
96 329 0 0 354 1020 11 3 0 435 486 586 0 219 3500 3532
95 329 0 0 354 1020 11 3 0 435 486 586 0 228 3500 3532
98 352 0 0 355 1052 11 3 0 436 486 586 0 318 3500 3532
98 352 0 0 355 1052 11 3 0 436 486 586 0 318 3500 3532
96 352 0 0 355 1052 11 3 0 436 486 586 0 318 3500 3532
95 340 0 0 354 1036 11 3 0 435 486 586 0 318 3500 3532
91 306 0 0 353 987 11 3 0 435 486 586 0 219 3500 3532
96 346 0 0 356 1056 11 3 0 435 486 670 0 318 3500 3532
96 346 0 0 356 1056 11 3 0 435 486 670 0 318 3500 3532
100 358 0 0 359 1069 10 3 0 436 486 686 0 318 3500 3532
101 374 0 0 359 1103 10 3 0 436 486 686 0 405 3500 3532
101 374 0 0 359 1103 10 3 0 436 486 686 0 405 3500 3532
100 363 0 0 359 1088 10 3 0 435 486 686 0 318 3500 3532
99 362 0 0 360 1090 10 3 0 435 486 686 0 318 3501 3532
95 327 0 0 358 1044 10 3 0 435 486 686 0 228 3500 3532
92 304 0 0 356 1011 11 3 0 435 486 686 0 219 3500 3532
91 304 0 0 356 1011 11 3 0 435 486 686 0 219 3500 3532
94 317 0 0 357 1028 11 3 0 435 486 686 0 219 3532 3532
95 317 0 0 358 1032 10 3 0 435 486 686 0 219 3532 3532
92 330 0 0 355 1046 11 3 0 435 486 684 0 228 3532 3532
91 318 0 0 354 1031 11 3 0 435 486 684 0 219 3532 3532
91 308 0 0 355 980 11 3 0 435 486 686 0 219 3532 3532
91 308 0 0 355 980 11 3 0 435 486 686 0 219 3532 3532
94 308 0 0 360 981 10 3 0 435 486 820 0 219 3532 3556
93 308 0 0 359 981 10 3 0 435 486 820 0 219 3532 3556
78 331 0 0 204 1058 3 3 0 435 486 820 0 228 3532 3639
79 336 0 0 206 1077 3 3 0 435 486 820 0 228 3532 3656
72 311 0 0 196 1045 3 3 0 265 486 765 0 179 3532 3656
72 311 0 0 196 1045 3 3 0 265 486 765 0 179 3532 3656
72 312 0 0 194 1043 3 3 0 265 486 765 0 179 3516 3656
92 351 0 0 352 1102 10 3 0 347 486 765 0 228 3516 3656
92 361 0 0 353 1116 10 3 0 398 486 765 0 228 3516 3656
92 361 0 0 353 1116 10 3 0 398 486 765 0 228 3516 3656
92 361 0 0 353 1116 10 3 0 398 486 765 0 228 3516 3656
92 362 0 0 353 1116 10 3 0 398 486 765 0 228 3516 3656
94 362 0 0 355 1116 10 3 0 426 486 765 0 228 3516 3656
94 362 0 0 355 1116 10 3 0 398 486 765 0 228 3516 3656
94 356 0 0 355 1098 10 3 0 426 490 685 0 228 3516 3639
96 368 0 0 356 1115 10 3 0 435 569 685 0 353 3516 3655
92 356 0 0 353 1102 10 3 0 426 490 684 0 219 3516 3655
90 339 0 0 351 1069 10 3 0 398 486 684 0 190 3516 3639
91 351 0 0 352 1084 10 3 0 426 486 684 0 219 3516 3639
91 362 0 0 352 1099 10 3 0 426 486 684 0 263 3516 3639
91 362 0 0 351 1099 10 3 0 426 486 684 0 263 3516 3639
91 362 0 0 351 1099 10 3 0 426 486 684 0 263 3516 3639
93 384 0 0 352 1127 10 3 0 435 486 684 0 1189 3516 3639
91 372 0 0 351 1113 10 3 0 426 486 684 0 720 3516 3639
92 373 0 0 351 1112 10 3 0 426 486 684 0 720 3516 3639
92 373 0 0 351 1110 10 3 0 426 486 684 0 720 3516 3534
92 381 0 0 351 1123 10 3 0 426 486 684 0 1189 3516 3534
96 404 0 0 354 1149 10 2 0 436 486 684 0 3297 3516 3534
99 416 0 0 360 1164 10 2 0 446 486 684 0 3297 3516 3534
99 405 0 0 360 1150 10 2 0 436 490 684 0 3297 3516 3518
97 394 0 0 356 1134 10 2 0 435 486 684 0 1399 3516 3516
101 418 0 0 360 1163 10 2 0 446 490 684 0 3297 3516 3518
95 382 0 0 351 1081 10 2 0 435 486 684 0 1399 3516 3516
95 382 0 0 351 1081 10 2 0 435 486 684 0 1399 3516 3516
97 394 0 0 352 1095 10 2 0 435 486 684 0 3297 3516 3516
97 394 0 0 352 1095 10 2 0 435 486 684 0 3297 3516 3516
96 383 0 0 352 1082 10 2 0 436 486 684 0 1399 3516 3516
74 343 0 0 187 1021 3 2 0 435 486 684 0 307 3516 3516
74 344 0 0 187 1021 3 2 0 426 486 684 0 307 3516 3516
71 321 0 0 183 988 3 3 0 407 486 684 0 223 3516 3516
73 337 0 0 187 1006 3 2 0 422 486 684 0 307 3516 3516
76 349 0 0 189 1020 2 2 0 426 486 684 0 437 3516 3516
75 360 0 0 187 1037 3 2 0 426 486 684 0 1153 3516 3532
77 361 0 0 192 1036 2 2 0 435 486 684 0 1153 3516 3532
79 372 0 0 194 1089 2 3 0 435 486 702 0 1153 3516 3532
79 372 0 0 193 1085 2 3 0 435 486 702 0 1153 3516 3532
79 372 0 0 193 1085 2 3 0 435 486 702 0 1153 3516 3532
80 384 0 0 195 1102 2 2 0 435 486 702 0 1240 3516 3532
81 374 0 0 195 1086 2 3 0 435 486 702 0 1153 3516 3532
81 374 0 0 195 1086 2 3 0 435 486 702 0 1153 3516 3532
80 374 0 0 196 1099 2 3 0 435 486 702 0 437 3516 3534
81 385 0 0 197 1112 2 2 0 435 486 702 0 1204 3516 3534
79 363 0 0 196 1084 2 3 0 435 486 702 0 322 3500 3534
82 374 0 0 200 1098 2 3 0 435 486 724 0 437 3500 3534
81 373 0 0 201 1099 2 3 0 435 488 724 0 437 3516 3534
83 384 0 0 208 1144 2 3 0 435 531 764 0 437 3516 3664
81 361 0 0 206 1120 2 3 0 435 488 764 0 303 3516 3664
77 349 0 0 201 1107 3 3 0 422 486 764 0 266 3516 3664
73 336 0 0 186 1089 2 3 0 407 486 724 0 223 3516 3534
76 348 0 0 191 1106 2 3 0 426 486 724 0 223 3516 3663
75 359 0 0 190 1121 2 3 0 422 486 724 0 227 3516 3663
72 346 0 0 184 1105 2 3 0 407 486 705 0 219 3516 3534
73 358 0 0 185 1120 2 3 0 422 486 705 0 227 3516 3534
71 341 0 0 181 1087 2 3 0 407 486 684 0 219 3516 3532
69 330 0 0 179 1072 2 3 0 334 486 684 0 179 3516 3532
75 343 0 0 189 1087 2 3 0 423 486 705 0 227 3516 3532
76 354 0 0 189 1100 2 3 0 407 486 705 0 228 3516 3532
81 378 0 0 194 1130 2 3 0 435 486 705 0 405 3516 3532
80 366 0 0 194 1115 2 3 0 435 486 705 0 318 3516 3532
84 382 0 0 196 1133 2 3 0 435 486 705 0 616 3516 3534
82 365 0 0 192 1118 2 3 0 435 486 684 0 318 3516 3534
82 365 0 0 192 1118 2 3 0 435 486 684 0 318 3516 3534
81 343 0 0 191 1088 2 3 0 435 486 684 0 219 3516 3534
78 342 0 0 185 1088 2 3 0 435 486 670 0 183 3516 3534
74 307 0 0 180 1002 2 3 0 435 486 644 0 179 3516 3532
74 296 0 0 180 986 2 3 0 435 486 644 0 179 3516 3532
79 320 0 0 195 1024 2 3 0 435 486 670 0 179 3516 3534
79 320 0 0 195 1023 2 3 0 435 486 670 0 179 3516 3532
78 319 0 0 194 1023 3 3 0 435 486 670 0 179 3516 3532
75 307 0 0 191 1006 3 3 0 423 486 670 0 179 3516 3532
74 296 0 0 189 976 3 3 0 407 486 670 0 179 3516 3532
75 297 0 0 194 980 3 3 0 407 486 684 0 179 3516 3532
95 317 0 0 333 1002 9 3 0 435 486 707 0 183 3516 3532
92 305 0 0 330 985 9 3 0 435 486 684 0 179 3516 3532
88 282 0 0 328 950 10 3 0 407 486 684 0 179 3516 3532
89 284 0 0 328 915 10 3 0 423 486 684 0 179 3516 3532
90 284 0 0 328 915 9 3 0 435 486 684 0 179 3516 3532
89 272 0 0 328 895 9 3 0 423 486 684 0 179 3516 3532
92 274 0 0 330 898 9 3 0 435 486 706 0 179 3532 3542
87 272 0 0 327 896 10 3 0 407 486 685 0 179 3532 3532
86 261 0 0 326 876 10 3 0 396 486 685 0 179 3501 3532
88 251 0 0 329 855 9 3 0 396 486 785 0 179 3500 3532
92 274 0 0 331 896 9 3 0 423 486 785 0 179 3532 3532
93 274 0 0 331 896 9 3 0 435 486 785 0 179 3532 3532
93 274 0 0 331 896 9 3 0 435 486 785 0 179 3532 3532
88 272 0 0 327 896 10 3 0 408 486 685 0 179 3532 3532
87 272 0 0 327 896 10 3 0 435 486 685 0 179 3532 3532
86 249 0 0 332 859 9 3 0 334 486 785 0 179 3500 3542
85 249 0 0 331 859 9 3 0 265 486 785 0 179 3500 3542
82 234 0 0 330 833 9 3 0 172 486 785 0 179 3360 3532
82 234 0 0 330 833 9 3 0 172 486 785 0 179 3360 3532
81 223 0 0 332 814 9 3 0 163 486 889 0 164 3322 3532
81 223 0 0 332 814 9 3 0 163 486 889 0 164 3322 3532
88 258 0 0 338 878 9 3 0 435 488 889 0 179 3500 3541
85 246 0 0 336 857 9 3 0 172 486 889 0 179 3500 3541
84 246 0 0 335 858 9 3 0 163 486 889 0 179 3500 3541
78 222 0 0 326 810 10 3 0 163 486 889 0 163 3321 3532
77 210 0 0 326 787 10 3 0 163 486 889 0 163 1925 3532
78 211 0 0 326 787 10 3 0 163 486 889 0 163 1925 3532
80 222 0 0 327 810 10 3 0 163 486 889 0 164 3321 3532
81 233 0 0 327 830 10 3 0 163 486 889 0 179 3477 3532
81 223 0 0 327 806 10 3 0 163 486 889 0 179 3321 3532
67 237 0 0 186 844 3 3 0 163 486 785 0 179 3500 3532
69 260 0 0 189 885 3 3 0 192 486 785 0 179 3500 3532
72 272 0 0 191 905 3 3 0 435 486 785 0 179 3516 3532
68 260 0 0 184 883 3 3 0 435 486 588 0 179 3500 3532
70 261 0 0 185 883 3 3 0 435 486 588 0 179 3500 3532
77 286 0 0 194 922 2 3 0 436 486 784 0 219 3532 3532
76 285 0 0 192 919 2 3 0 436 486 590 0 219 3516 3532
75 273 0 0 191 900 3 3 0 435 486 590 0 183 3500 3532
74 273 0 0 191 900 3 3 0 435 486 590 0 183 3500 3532
72 272 0 0 185 900 3 3 0 435 486 585 0 179 3500 3532
72 283 0 0 189 1001 3 4 0 435 486 590 0 179 3500 3532
73 284 0 0 191 1000 3 4 0 435 486 590 0 179 3500 3532
75 285 0 0 192 1000 3 4 0 435 486 590 0 179 3500 3532
74 273 0 0 191 983 3 4 0 435 486 590 0 179 3500 3532
73 273 0 0 190 983 3 4 0 435 486 590 0 179 3500 3532
68 260 0 0 175 963 2 4 0 435 486 487 0 179 3500 3532
69 261 0 0 176 962 2 4 0 435 486 487 0 179 3500 3532
70 272 0 0 178 980 2 4 0 435 486 487 0 179 3500 3532
74 296 0 0 181 1015 2 3 0 436 486 487 0 179 3500 3532
73 307 0 0 177 1034 2 3 0 436 486 487 0 179 3516 3532
71 306 0 0 176 1034 2 3 0 436 486 487 0 179 3516 3532
64 271 0 0 164 982 2 4 0 435 486 486 0 179 3500 3532
67 294 0 0 168 1015 2 3 0 435 486 486 0 179 3516 3532
68 294 0 0 168 1015 2 3 0 435 486 486 0 179 3516 3532
68 294 0 0 168 1015 2 3 0 435 486 486 0 179 3516 3532
68 294 0 0 168 1015 2 3 0 435 486 486 0 179 3516 3532
67 294 0 0 166 1015 2 3 0 435 486 486 0 179 3516 3532
68 294 0 0 168 1015 2 3 0 435 486 486 0 179 3501 3532
69 295 0 0 167 1014 2 3 0 435 486 486 0 179 3501 3532
67 305 0 0 162 1031 2 3 0 435 486 486 0 179 3532 3532
66 296 0 0 160 1012 2 3 0 372 486 486 0 179 3500 3532
63 273 0 0 157 977 2 4 0 265 475 486 0 179 3398 3532
61 261 0 0 154 959 2 4 0 215 475 486 0 179 3355 3532
62 251 0 0 155 940 2 4 0 259 452 486 0 179 3353 3532
60 250 0 0 152 940 3 4 0 167 451 486 0 179 3353 3532
53 236 0 0 140 920 3 4 0 163 446 486 0 179 3353 3532
52 236 0 0 136 921 3 4 0 163 435 486 0 179 3353 3532
52 236 0 0 136 921 3 4 0 163 435 486 0 179 3353 3532
53 236 0 0 138 921 3 4 0 163 435 486 0 179 3353 3532
54 248 0 0 140 940 3 4 0 163 446 486 0 179 3353 3532
70 226 0 0 343 810 13 3 0 163 446 486 0 179 3353 3532
68 225 0 0 342 810 13 3 0 163 435 486 0 179 3353 3532
66 224 0 0 341 810 14 3 0 163 435 486 0 179 3353 3532
69 247 0 0 343 853 13 3 0 163 446 486 0 179 3355 3532
70 248 0 0 343 853 13 3 0 167 435 486 0 179 3355 3532
71 259 0 0 344 874 13 3 0 211 446 486 0 179 3398 3532
74 282 0 0 346 914 13 3 0 219 452 486 0 179 3500 3532
72 271 0 0 345 895 13 3 0 211 452 486 0 179 3500 3532
74 288 0 0 348 936 13 3 0 219 475 487 0 179 3500 3532
77 299 0 0 348 952 13 3 0 259 475 486 0 179 3501 3532
81 323 0 0 351 985 12 3 0 265 486 487 0 192 3501 3532
81 323 0 0 351 985 12 3 0 265 486 487 0 192 3501 3532
80 311 0 0 350 969 12 3 0 259 486 487 0 179 3501 3532
81 323 0 0 351 987 12 3 0 265 486 487 0 192 3532 3532
85 346 0 0 355 1023 12 2 0 366 486 586 0 429 3532 3532
86 346 0 0 355 1023 12 2 0 370 486 586 0 429 3532 3532
87 358 0 0 356 1038 12 2 0 408 486 586 0 756 3532 3532
87 369 0 0 356 1055 12 2 0 435 486 586 0 1189 3532 3532
85 357 0 0 356 1041 12 2 0 435 486 586 0 756 3532 3532
84 346 0 0 355 1024 12 2 0 408 486 586 0 429 3532 3532
104 332 0 0 477 1003 10 2 0 435 486 670 0 200 3532 3532
105 344 0 0 478 1019 9 2 0 435 486 670 0 477 3532 3532
106 355 0 0 478 1034 9 2 0 435 486 670 0 1189 3532 3532
105 367 0 0 478 1052 9 2 0 435 486 670 0 1203 3532 3532
105 367 0 0 478 1052 9 2 0 435 486 670 0 1203 3532 3532
110 402 0 0 481 1135 9 2 0 435 486 678 0 2636 3532 3533
110 390 0 0 481 1121 9 2 0 443 486 678 0 1454 3532 3533
116 414 0 0 484 1150 9 2 0 446 486 728 0 3317 3532 3631
117 426 0 0 485 1164 9 2 0 446 486 728 0 3353 3532 3631
116 415 0 0 484 1150 9 2 0 446 486 728 0 3317 3532 3631
95 390 0 0 366 1122 11 2 0 443 486 678 0 1454 3532 3533
96 402 0 0 367 1136 11 2 0 443 486 678 0 2636 3532 3533
96 402 0 0 367 1136 11 2 0 443 486 678 0 2636 3532 3533
95 380 0 0 366 1107 11 2 0 435 486 678 0 1203 3532 3533
92 368 0 0 365 1094 11 3 0 435 486 678 0 1189 3532 3533
91 357 0 0 364 1078 11 3 0 435 486 678 0 477 3532 3533
89 345 0 0 363 1059 11 3 0 435 486 678 0 236 3532 3532
90 356 0 0 363 1073 11 3 0 435 486 678 0 477 3532 3532
88 328 0 0 364 1026 11 3 0 406 486 683 0 219 3532 3532
84 304 0 0 362 992 11 3 0 259 486 683 0 179 3501 3532
82 304 0 0 361 995 11 3 0 230 486 615 0 179 3532 3532
82 304 0 0 361 995 11 3 0 230 486 615 0 179 3532 3532
82 304 0 0 361 995 11 3 0 230 486 615 0 179 3532 3532
81 292 0 0 360 978 11 3 0 169 486 615 0 179 3532 3532
77 269 0 0 357 939 12 3 0 163 486 527 0 179 3500 3532
76 269 0 0 356 939 12 3 0 163 486 527 0 179 3500 3532
75 257 0 0 355 920 12 3 0 163 486 527 0 179 3439 3532
77 258 0 0 356 920 12 3 0 163 486 527 0 179 3439 3532
77 258 0 0 356 919 12 3 0 163 486 527 0 179 3439 3532
78 259 0 0 356 919 12 3 0 163 486 527 0 179 3439 3532
55 246 0 0 153 907 3 4 0 163 443 486 0 179 3439 3532
53 234 0 0 151 887 3 4 0 163 435 486 0 164 3357 3532
53 234 0 0 152 889 3 4 0 163 443 486 0 163 3360 3532
52 222 0 0 149 866 3 4 0 163 435 486 0 163 3315 3532
52 222 0 0 149 866 3 4 0 163 435 486 0 163 3315 3532
48 176 0 0 139 721 3 4 0 163 435 486 0 163 299 3532
47 176 0 0 137 721 3 4 0 163 412 486 0 163 299 3532
43 163 0 0 126 691 3 4 0 163 411 486 0 163 221 3532
40 151 0 0 122 664 4 4 0 163 395 486 0 163 188 3500
43 164 0 0 127 691 3 4 0 163 412 486 0 163 221 3532
48 188 0 0 137 744 3 4 0 163 435 486 0 163 1011 3532
49 176 0 0 143 719 3 4 0 163 435 486 0 163 352 3532
53 199 0 0 148 766 3 4 0 163 451 526 0 164 1295 3532
58 237 0 0 155 844 3 3 0 169 475 545 0 179 3360 3532
61 249 0 0 160 865 3 3 0 227 486 585 0 179 3500 3532
61 249 0 0 161 865 3 3 0 227 486 585 0 179 3500 3532
63 260 0 0 164 887 2 3 0 230 486 585 0 179 3500 3532
65 260 0 0 169 889 2 3 0 272 486 585 0 179 3500 3532
66 271 0 0 169 904 2 3 0 396 486 585 0 179 3500 3532
69 294 0 0 170 936 2 3 0 406 486 585 0 190 3500 3532
69 283 0 0 170 917 2 3 0 396 486 585 0 179 3500 3532
69 283 0 0 170 917 2 3 0 396 486 585 0 179 3500 3532
69 283 0 0 170 916 2 3 0 396 486 585 0 179 3500 3532
70 284 0 0 171 916 2 3 0 406 486 585 0 179 3500 3532
69 283 0 0 170 916 2 3 0 406 486 585 0 179 3500 3532
69 283 0 0 170 916 2 3 0 406 486 585 0 179 3500 3532
72 295 0 0 172 932 2 3 0 411 486 585 0 219 3500 3532
68 271 0 0 168 895 2 3 0 272 486 585 0 179 3500 3532
69 283 0 0 169 914 2 3 0 397 486 585 0 190 3500 3532
69 282 0 0 169 914 2 3 0 397 486 585 0 190 3500 3532
70 293 0 0 171 932 2 3 0 420 486 585 0 219 3500 3532
73 306 0 0 174 950 2 3 0 435 486 585 0 219 3500 3532
73 294 0 0 173 932 2 3 0 435 486 585 0 219 3500 3500
74 306 0 0 174 950 2 3 0 435 486 585 0 219 3500 3532
76 318 0 0 176 967 2 2 0 435 486 585 0 219 3500 3532
74 317 0 0 174 968 2 2 0 435 486 585 0 219 3500 3532
76 328 0 0 175 985 2 2 0 435 486 585 0 219 3500 3532
79 341 0 0 178 1001 2 2 0 435 486 585 0 228 3500 3532
80 341 0 0 179 1001 2 2 0 435 486 585 0 228 3500 3532
76 329 0 0 176 984 2 2 0 435 486 585 0 219 3500 3500
71 305 0 0 169 949 2 3 0 420 486 585 0 219 3500 3500
70 305 0 0 165 949 2 3 0 420 486 585 0 219 3500 3500
70 294 0 0 164 932 2 3 0 435 486 585 0 190 3500 3500
63 255 0 0 157 864 2 3 0 396 452 487 0 179 3500 3500
62 255 0 0 152 864 2 3 0 272 451 486 0 179 3500 3500
64 267 0 0 154 881 2 3 0 396 451 486 0 179 3500 3500
64 267 0 0 154 879 2 3 0 396 451 486 0 179 3329 3500
61 255 0 0 148 859 2 3 0 259 446 486 0 179 3321 3500
58 232 0 0 139 817 2 3 0 259 446 486 0 179 3283 3500
55 209 0 0 137 778 2 3 0 227 435 486 0 179 3281 3500
54 214 0 0 136 800 2 3 0 227 435 486 0 179 3281 3500
60 237 0 0 154 844 3 3 0 237 446 486 0 179 3283 3500
58 226 0 0 153 822 3 3 0 227 435 486 0 179 3281 3500
57 225 0 0 151 823 3 3 0 227 435 486 0 179 3281 3500
62 249 0 0 157 864 3 3 0 259 446 486 0 179 3329 3500
61 248 0 0 157 864 3 3 0 259 446 486 0 179 3329 3500
60 249 0 0 157 867 3 3 0 237 446 486 0 179 3500 3500
66 273 0 0 163 906 2 3 0 408 452 486 0 179 3500 3500
66 273 0 0 163 905 2 3 0 408 452 486 0 179 3500 3500
68 296 0 0 165 942 2 3 0 435 486 486 0 179 3500 3500
68 285 0 0 165 924 2 3 0 435 486 486 0 179 3500 3500
65 273 0 0 162 905 3 3 0 406 452 486 0 179 3500 3500
64 272 0 0 160 905 3 3 0 406 452 486 0 179 3500 3500
63 261 0 0 160 885 3 3 0 406 452 486 0 179 3500 3500
62 250 0 0 159 866 3 3 0 273 452 486 0 179 3462 3500
63 261 0 0 159 885 3 3 0 273 486 486 0 179 3500 3500
64 261 0 0 160 883 3 3 0 273 486 486 0 179 3462 3500
62 260 0 0 160 883 3 3 0 259 452 529 0 179 3327 3500
61 260 0 0 158 883 3 3 0 237 452 529 0 179 3327 3500
64 273 0 0 163 903 3 3 0 259 486 545 0 179 3462 3500
65 273 0 0 164 903 3 3 0 259 486 545 0 179 3462 3500
64 272 0 0 161 903 3 3 0 259 452 529 0 179 3462 3500
63 282 0 0 160 920 3 3 0 259 452 529 0 179 3462 3500
67 295 0 0 167 948 3 3 0 265 486 545 0 179 3500 3500
67 295 0 0 167 948 3 3 0 265 486 545 0 179 3500 3500
70 319 0 0 175 985 3 3 0 332 486 585 0 219 3500 3500
68 296 0 0 171 952 3 3 0 265 486 530 0 179 3500 3500
74 342 0 0 182 1057 3 3 0 408 486 587 0 223 3500 3503
74 353 0 0 182 1072 2 3 0 408 486 587 0 273 3500 3503
77 365 0 0 185 1087 2 3 0 435 486 587 0 374 3500 3503
77 365 0 0 187 1090 2 3 0 435 486 694 0 374 3500 3503
75 365 0 0 177 1090 2 3 0 435 486 587 0 374 3500 3500
80 378 0 0 185 1105 2 2 0 435 486 694 0 418 3500 3500
81 378 0 0 186 1105 2 2 0 435 486 694 0 418 3500 3500
80 377 0 0 183 1103 2 3 0 435 486 694 0 418 3500 3532
82 392 0 0 185 1118 2 2 0 435 486 694 0 1133 3500 3532
83 392 0 0 186 1118 2 2 0 435 486 694 0 1133 3500 3532
79 368 0 0 184 1090 2 3 0 435 486 694 0 418 3500 3532
77 357 0 0 182 1075 2 3 0 435 486 694 0 323 3500 3532
74 333 0 0 179 1045 2 3 0 413 486 694 0 266 3500 3532
74 345 0 0 179 1060 2 3 0 413 486 694 0 303 3500 3532
77 346 0 0 186 1060 2 3 0 435 486 714 0 322 3500 3532
82 369 0 0 193 1123 2 3 0 435 486 764 0 359 3500 3534
86 398 0 0 199 1168 2 3 0 435 486 764 0 905 3500 3679
86 397 0 0 199 1169 2 3 0 435 486 764 0 905 3500 3679
84 385 0 0 197 1155 2 3 0 435 486 764 0 426 3500 3679
87 398 0 0 201 1169 2 3 0 435 488 764 0 905 3500 3679
84 375 0 0 197 1141 2 3 0 435 486 764 0 359 3500 3534
84 375 0 0 197 1141 2 3 0 435 486 764 0 359 3500 3534
84 374 0 0 196 1141 2 3 0 435 486 764 0 359 3500 3534
84 385 0 0 197 1155 2 3 0 435 486 764 0 426 3500 3534
85 397 0 0 198 1169 2 3 0 435 486 764 0 905 3500 3534
87 398 0 0 200 1170 2 3 0 435 486 764 0 905 3500 3534
85 397 0 0 196 1170 2 3 0 435 486 764 0 905 3500 3534
83 386 0 0 194 1157 2 3 0 435 486 764 0 454 3500 3534
80 351 0 0 189 1114 2 3 0 435 486 646 0 303 3500 3532
79 351 0 0 187 1114 2 3 0 435 486 646 0 303 3500 3532
73 305 0 0 178 1015 2 3 0 413 486 614 0 190 3500 3532
77 317 0 0 182 1032 2 3 0 435 486 644 0 227 3500 3532
75 317 0 0 181 1032 2 3 0 435 486 644 0 227 3500 3532
73 300 0 0 177 995 2 3 0 413 486 614 0 190 3500 3532
71 277 0 0 174 961 2 3 0 406 486 614 0 179 3500 3532
67 276 0 0 166 960 2 3 0 380 486 559 0 179 3500 3500
68 287 0 0 166 976 2 3 0 367 486 559 0 179 3500 3500
69 277 0 0 173 960 2 3 0 380 486 614 0 179 3500 3500
69 263 0 0 174 941 2 3 0 380 486 614 0 179 3500 3500
67 251 0 0 173 922 2 4 0 367 486 614 0 179 3500 3500
67 251 0 0 171 922 2 4 0 367 486 614 0 179 3500 3500
70 263 0 0 174 940 2 3 0 396 486 614 0 179 3500 3500
70 263 0 0 174 940 2 3 0 396 486 614 0 179 3500 3500
73 269 0 0 183 963 2 3 0 408 486 644 0 179 3500 3500
73 284 0 0 183 1001 2 3 0 408 486 644 0 179 3500 3500
68 261 0 0 175 927 2 3 0 380 486 614 0 179 3500 3500
67 233 0 0 174 866 2 3 0 367 486 614 0 179 3329 3500
70 245 0 0 178 886 2 3 0 396 486 614 0 179 3500 3500
70 246 0 0 178 886 2 3 0 396 486 614 0 179 3500 3500
69 245 0 0 178 889 2 3 0 396 486 615 0 179 3500 3500
76 280 0 0 193 983 2 3 0 435 486 684 0 179 3500 3532
80 303 0 0 197 1017 2 3 0 435 486 684 0 179 3500 3532
80 303 0 0 199 1018 2 3 0 435 490 684 0 179 3500 3532
101 305 0 0 393 1018 11 3 0 435 585 692 0 179 3500 3532
99 294 0 0 393 1001 11 3 0 435 585 692 0 179 3500 3532
95 270 0 0 391 967 11 3 0 435 585 692 0 179 3500 3532
93 258 0 0 391 939 11 4 0 435 585 692 0 179 3500 3532
96 270 0 0 392 957 11 3 0 435 585 692 0 179 3500 3532
93 269 0 0 391 957 11 3 0 435 585 692 0 179 3500 3532
94 281 0 0 391 975 11 3 0 435 585 692 0 179 3500 3532
94 292 0 0 391 991 11 3 0 435 585 692 0 179 3500 3532
95 281 0 0 393 973 11 3 0 435 585 863 0 179 3500 3532
96 282 0 0 393 973 11 3 0 435 585 863 0 179 3500 3532
96 282 0 0 393 973 11 3 0 435 585 863 0 179 3500 3532
95 282 0 0 393 973 11 3 0 435 585 863 0 179 3500 3532
96 282 0 0 393 973 11 3 0 435 585 863 0 179 3500 3532
97 293 0 0 394 991 11 3 0 435 585 863 0 190 3500 3532
93 281 0 0 390 973 11 3 0 435 490 692 0 179 3500 3532
96 293 0 0 395 991 11 3 0 435 490 863 0 179 3500 3532
