169263 4912 0 0 488981 13927 3 3 476 502351 1679437 1993534 934 13069 41078 55342
175591 5076 0 0 498565 14136 3 3 498 504997 1685081 1993534 963 14207 42832 55342
167420 4704 0 0 484743 13398 3 3 476 500584 1679437 1993534 904 12860 41260 55342
160991 4485 0 0 481381 13056 3 3 413 499990 1679437 1995547 855 11300 41260 55342
155259 4300 0 0 463472 12504 3 3 413 499990 1504856 1993534 883 11300 39825 52778
152362 4259 0 0 457327 12421 3 3 413 499990 1282333 1993534 886 11300 39825 52778
146298 4131 0 0 456362 12445 3 3 361 496529 1282620 1993534 837 10961 41260 52778
139857 3960 0 0 444382 12102 3 3 319 493813 1223502 1993534 835 10470 33768 51004
140096 3930 0 0 445560 12029 3 3 305 493813 1225395 1993534 835 10470 32131 51004
131284 3737 0 0 429663 11757 3 3 305 481064 1171241 1970719 733 10239 29449 51004
130932 3717 0 0 428193 11690 3 3 305 481064 1171241 1952173 733 10239 29449 51004
130970 3695 0 0 428228 11674 3 3 305 481064 1171241 1952173 733 10239 29449 51004
127570 3598 0 0 420716 11449 3 3 263 481064 1171241 1883706 694 10230 29449 49523
121041 3429 0 0 414623 11286 3 3 253 95580 1171241 1883706 694 2892 28105 49523
121061 3433 0 0 414645 11298 3 3 165 95580 1171241 1883706 681 2892 28105 49523
120402 3409 0 0 411791 11184 3 3 165 95580 1171241 1869236 694 2892 28105 49509
123078 3472 0 0 416837 11272 3 3 165 95580 1225395 1869236 694 2892 28903 49509
118128 3301 0 0 406279 10826 3 3 187 95580 1171241 1869236 694 2886 27939 48716
118128 3301 0 0 406279 10826 3 3 187 95580 1171241 1869236 694 2886 27939 48716
112507 3123 0 0 396101 10496 3 3 165 47050 940455 1869236 673 2197 24564 48128
110866 3084 0 0 395527 10477 3 4 140 40171 940455 1869236 632 2197 24564 48128
104247 2938 0 0 380258 10175 3 4 140 37061 905697 1864506 632 2153 22587 48128
102566 2920 0 0 379592 10157 4 4 117 30673 905697 1864506 616 2153 22587 48128
102605 2934 0 0 379582 10155 4 4 140 30673 905697 1864506 632 2223 22587 48128
95616 2746 0 0 371541 9939 4 4 106 10770 533475 1864506 189 2153 15662 48128
95618 2748 0 0 371540 9938 4 4 106 10770 533475 1864506 189 2153 15662 48128
87829 2552 0 0 356928 9566 4 4 104 5427 520096 1864506 72 2040 14725 47457
87828 2546 0 0 356928 9567 4 4 104 5427 520096 1864506 52 2040 14725 47457
81565 2375 0 0 341538 9117 4 4 104 4129 511851 1813978 52 2017 14244 43364
79886 2338 0 0 340808 9096 4 4 104 3218 511851 1813978 52 1911 14244 43364
73118 2164 0 0 322389 8652 4 5 104 3145 507077 1648195 52 1898 14184 41579
66793 2005 0 0 305242 8246 5 5 104 3093 494214 1311444 52 1548 11302 33551
80128 2544 0 0 342784 9841 4 5 106 3151 520096 1648195 72 1911 15662 43377
80320 2545 0 0 336301 9578 4 4 176 3460 520096 1607309 632 2149 15662 43360
85599 2803 0 0 357195 10635 4 4 165 3460 520096 1690200 418 2161 15919 48159
98555 3275 0 0 387844 11918 4 4 247 5427 585267 1866006 673 2223 25138 52418
106130 3494 0 0 399157 12243 3 4 305 9413 795990 1866006 716 2779 27899 56526
116963 3830 0 0 416806 12836 3 3 361 27935 1299575 1876541 753 2963 28245 57791
122415 4129 0 0 422490 13324 3 3 415 55511 1313822 1876541 839 5652 38409 57791
136016 4589 0 0 450280 14353 3 3 422 164584 1605556 1950811 872 9785 43480 61747
144343 4876 0 0 470198 15006 3 3 425 276194 1608458 1955897 885 10902 49974 62902
151369 5060 0 0 481850 15175 3 3 480 463487 1645772 1980754 960 12166 49974 62902
159614 5351 0 0 498459 15806 3 3 492 464835 1693957 2032603 960 14495 52016 66572
174947 5858 0 0 525058 16890 3 3 535 522376 1816059 2040661 960 18301 52506 67621
179740 6007 0 0 534668 17155 2 3 535 534408 1876320 2040661 960 20681 55801 67621
179808 6093 0 0 532718 17352 2 3 564 534408 1876320 2040661 962 20681 56562 68107
183996 6229 0 0 539447 17534 2 3 606 537491 1900563 2040661 962 20681 56562 68107
189384 6399 0 0 548156 17783 2 2 585 557243 1900563 2040661 962 21666 57632 68107
189385 6402 0 0 548156 17782 2 2 585 557243 1900563 2040661 962 21666 57632 68107
197722 6659 0 0 557317 18049 2 2 715 590340 1914720 2040661 974 25136 57753 68107
202933 6788 0 0 562763 18149 2 2 715 638504 1914720 2040661 974 26583 57753 68107
209349 7037 0 0 571369 18543 2 2 859 912329 1929932 2040661 995 27971 58573 69044
217445 7264 0 0 585421 19025 2 2 859 1009650 1944336 2048225 974 29222 58721 69714
224437 7488 0 0 594152 19345 2 2 652 1204527 1950928 2048225 974 38438 59665 69714
230270 7703 0 0 600469 19597 2 2 859 1496178 1950928 2048225 995 40536 61659 69714
238300 7984 0 0 613318 20103 2 2 874 1571124 1954841 2050154 995 44060 61764 73272
244946 8213 0 0 621434 20400 2 2 895 1605608 1959820 2050154 1037 47495 62537 73272
251937 8380 0 0 630384 20529 2 2 964 1607886 1980624 2088645 1077 49280 62537 73272
259758 8558 0 0 634724 20588 2 2 1297 1607886 1980624 2088645 1083 49280 62537 73272
266509 8674 0 0 642642 20649 2 2 1568 1624331 1992926 2088645 1083 49280 62537 73272
272669 8847 0 0 648894 20787 2 2 1585 1666026 1992926 2088645 1083 49596 62537 73272
280773 9030 0 0 651875 20810 2 2 1638 1666026 1992926 2088645 1114 49596 62537 73272
264157 8390 0 0 630095 20044 2 2 1585 1606950 1959820 2048225 1083 44060 61764 69714
257214 8185 0 0 625561 19934 2 2 1297 1572571 1959820 2048225 992 40536 61764 69714
252854 8025 0 0 619358 19698 2 2 1132 1496178 1954841 2048225 992 38438 61699 69714
242961 7631 0 0 608595 19194 2 2 712 1416383 1951134 2048225 960 36910 58721 69714
235264 7435 0 0 602606 19083 2 2 598 1392803 1930670 2048225 940 36736 58721 69714
229898 7245 0 0 602895 19010 2 2 456 1392803 1959820 2050352 888 36736 58721 69714
223342 6912 0 0 599211 18718 2 2 372 1258885 1959820 2050352 846 31239 58721 69714
215285 6629 0 0 586547 18191 2 2 361 984233 1914825 2049204 846 29635 57680 68665
209393 6431 0 0 574342 17822 2 2 361 915532 1914825 2049204 846 19623 55858 68665
200667 6209 0 0 565159 17693 2 3 358 679024 1913223 2049204 741 18037 55858 68665
193725 6033 0 0 555064 17500 2 3 258 594758 1911742 2037328 733 17040 55189 68665
186595 5760 0 0 547090 16930 2 3 258 586348 1911742 2037328 694 16576 55189 68665
186961 5766 0 0 543170 16816 2 3 258 586348 1875557 2037328 733 16576 54389 68665
187242 5675 0 0 544398 16573 2 3 258 586348 1875557 2037328 733 16576 52590 68402
186396 5668 0 0 547746 16719 2 3 188 586348 1875557 2098487 684 16576 52590 68402
185899 5722 0 0 545675 16881 2 3 258 586348 1852134 2098487 725 16576 52590 68706
191111 5942 0 0 551296 17220 2 3 258 594758 1852134 2098487 733 17040 54614 68706
189058 5910 0 0 546097 17104 2 3 321 592846 1758275 2098487 733 17095 52590 68706
185023 5804 0 0 540341 16993 2 3 321 566514 1758275 2098487 733 16576 52590 68706
185104 5776 0 0 540608 16899 2 3 361 566514 1758275 2098487 733 16576 52590 68402
185652 5787 0 0 536292 16680 2 3 361 566514 1758275 2076640 846 17022 52590 68295
185147 5740 0 0 535886 16561 2 3 361 566514 1758275 2076640 846 17022 52590 66510
186064 5789 0 0 532460 16472 2 3 361 592846 1758275 2076640 846 17877 51316 66510
186285 5771 0 0 533395 16369 2 3 361 592846 1758275 2076640 846 17877 51316 66510
186046 5766 0 0 526815 16121 2 2 361 679024 1669425 2076640 846 18659 49350 65782
184985 5850 0 0 523252 16410 2 3 361 679024 1669425 2036886 846 18659 51316 66510
186146 5989 0 0 535456 17101 2 3 361 592846 1754743 2076796 846 18659 52590 68360
185934 6067 0 0 534759 17296 2 3 361 592846 1754743 2076796 846 18659 54527 68360
185591 6119 0 0 533704 17444 2 3 361 592846 1744737 2076796 846 18659 57916 68360
183395 6114 0 0 536455 17629 2 3 361 592846 1754551 2076796 733 18659 57916 68360
186641 6311 0 0 539125 17832 2 2 361 597150 1754551 2076796 761 29948 57916 68360
192941 6542 0 0 547866 18196 2 2 361 658188 1774712 2076796 846 30166 59783 69456
191455 6464 0 0 548554 18116 2 2 361 658188 1774712 2076796 733 30166 59113 69456
186289 6312 0 0 543007 17980 2 2 361 597150 1774712 2076796 733 29948 59113 69456
187704 6404 0 0 541594 18059 2 2 361 616388 1754551 2076796 733 29948 59540 69456
186763 6429 0 0 538396 18128 2 2 361 616388 1754551 2036886 733 29948 59540 69456
187618 6506 0 0 538533 18158 2 2 361 616388 1754551 2036886 800 29948 59540 69456
188413 6539 0 0 540884 18258 2 2 361 616388 1774712 2036886 800 29948 59783 69456
187905 6578 0 0 538211 18318 2 2 361 616388 1774712 1998967 746 29948 60559 69456
193663 6706 0 0 545361 18405 2 2 361 658188 1774712 1998967 800 30223 60559 69456
193051 6667 0 0 543386 18263 2 2 374 658188 1774712 1963481 800 30223 60559 68315
185467 6441 0 0 526735 17842 2 2 374 616388 1754551 1957078 800 29948 59573 67986
184877 6503 0 0 525762 17962 2 2 414 616388 1754551 1957078 846 29948 59573 67986
183369 6546 0 0 523256 18100 2 2 374 616388 1745788 1957078 800 29948 60479 67986
182426 6553 0 0 519656 18104 2 2 414 616388 1745788 1957078 846 29948 60479 67996
185311 6541 0 0 517227 17791 2 2 414 638946 1745788 1957078 856 29948 59573 66019
180104 6322 0 0 511171 17470 2 2 414 616388 1745788 1957078 846 25458 59258 66019
180713 6295 0 0 518129 17571 2 2 414 616388 1774712 1963481 746 25458 59429 66019
179525 6264 0 0 518132 17573 2 2 414 616388 1774712 1963481 733 25458 59429 66019
172999 6043 0 0 507972 17237 3 3 361 610949 1745788 1963481 733 21367 59253 66019
164349 5765 0 0 495670 16906 3 3 322 603640 1728366 1957078 726 20424 59088 66019
157822 5575 0 0 484795 16639 3 3 240 594544 1727311 1903015 723 19482 59088 66019
151075 5319 0 0 479823 16401 3 3 227 478339 1727311 1903015 721 16831 59088 66019
142821 5054 0 0 460672 15836 3 3 227 251294 1478161 1889157 721 8463 56701 64114
136422 4834 0 0 455893 15665 3 3 192 117409 1478161 1889157 696 3042 56701 64114
130489 4589 0 0 445959 15140 3 3 192 82309 1416097 1889157 696 2241 50047 63962
121505 4272 0 0 422255 14207 3 3 169 3449 1320401 1878812 682 2209 38889 63140
114961 4066 0 0 408663 13834 3 3 165 3128 1274125 1852371 672 1448 35557 63140
109145 3843 0 0 397702 13365 3 3 125 3094 1237698 1852371 449 1285 31684 61559
103229 3655 0 0 385911 13014 3 3 112 3094 754344 1852371 239 1230 30128 61559
94777 3299 0 0 377278 12555 4 4 67 3041 620694 1852371 85 1225 21167 61559
96752 3447 0 0 376233 12918 4 4 112 3046 733014 1841111 239 1335 24970 61559
105131 3769 0 0 383676 13194 3 4 258 4250 892258 1841111 696 2854 25472 61559
106661 3821 0 0 384166 13208 3 4 270 8101 892258 1841111 708 3466 25472 61559
111256 3926 0 0 398520 13474 3 3 322 8101 1237698 1852371 721 3466 31684 61559
113339 3962 0 0 387852 13022 3 3 414 205875 892258 1841111 756 6852 25472 60452
112588 3907 0 0 384488 12921 3 4 414 234391 812527 1841111 733 6852 22402 60452
107833 3734 0 0 370925 12472 3 4 413 234391 758184 1729571 721 6852 21032 59444
105569 3599 0 0 359333 11971 3 4 414 305258 730324 1671473 828 7235 19364 59247
101323 3521 0 0 347481 11809 4 4 414 305258 695563 1611217 833 7235 18373 59247
101993 3463 0 0 341062 11394 4 4 414 312864 695563 1467948 852 9131 18373 54064
107854 3624 0 0 343676 11429 3 4 433 439824 695563 1467948 926 10597 18373 54064
109913 3579 0 0 345438 11112 3 4 433 439824 730324 1467948 959 10597 19364 53774
105031 3374 0 0 336485 10596 3 4 430 364555 695563 1315510 931 10397 17786 52966
105082 3374 0 0 332773 10451 3 4 433 364555 695563 1315510 959 10397 17786 52966
99652 3223 0 0 324154 10253 4 4 435 305258 649099 1315510 960 9075 16511 52966
99648 3222 0 0 324155 10253 4 4 454 305258 649099 1315510 959 9075 16511 52966
92758 3029 0 0 303565 9725 4 5 454 299051 648550 1302464 942 8373 15770 29276
97736 3160 0 0 310412 9853 4 4 537 305258 649099 1302464 1015 9075 16511 31211
97736 3162 0 0 310412 9852 4 4 537 305258 649099 1302464 1027 9075 16511 31211
103537 3313 0 0 313859 9904 3 4 610 392229 649495 1302464 1083 10397 16511 31211
111062 3531 0 0 321246 10103 3 4 859 454820 652561 1302464 1117 12072 17738 33690
115996 3669 0 0 327354 10256 3 4 969 455736 696888 1302464 1129 12991 18368 34529
122922 3871 0 0 330526 10332 3 4 1320 481427 696888 1302464 1194 14025 18368 34529
125827 3945 0 0 331406 10346 3 4 1501 508934 696888 1302464 1225 14025 18368 34529
131866 4115 0 0 334585 10436 3 4 1585 548348 696888 1302464 1251 14770 19428 34529
133634 4194 0 0 335287 10500 3 4 1638 548348 696888 1302464 1339 14925 22265 34529
133635 4196 0 0 335286 10499 3 4 1638 548348 696888 1302464 1339 14925 22265 34529
138689 4376 26 0 337964 10605 3 3 3094 573248 741677 1302464 1857 15204 23044 34529
143882 4532 52 20 342067 10732 3 3 3158 595250 758184 1302464 2056 15252 24137 34529
150453 4724 52 20 346432 10900 2 3 4845 601691 812527 1302464 2326 15309 24505 36236
144652 4417 0 0 334775 9849 2 3 3208 595250 741774 1284213 2056 15252 23044 34188
140140 4236 0 0 327171 9647 3 3 3107 577824 696161 1212309 1483 15204 22437 33314
140187 4250 0 0 327210 9659 3 3 3107 577824 696161 1212309 1483 15252 22437 33314
134747 4028 0 0 302522 8747 2 3 3197 577824 653080 1203106 1782 15251 22387 30786
133342 3929 0 0 306849 8762 2 3 3031 575124 696161 1203106 1259 15204 22437 30786
128706 3827 0 0 303176 8690 2 3 1981 548348 653080 1203106 1259 14912 22437 30786
132201 3936 0 0 304516 8717 2 3 3158 558098 653080 1203106 1782 15045 22437 30786
132203 3964 0 0 307260 8859 2 3 3107 558098 740955 1203106 1752 15204 23044 30813
131698 3944 0 0 306854 8853 2 3 3107 558098 740955 1203106 1647 15204 23044 30813
126314 3827 0 0 298390 8729 2 3 3031 543119 655437 1200850 1380 15045 22437 30813
119702 3651 0 0 295758 8685 3 3 1343 529699 655437 1200850 1191 14912 22437 30813
111338 3432 0 0 283431 8463 3 3 1090 508934 649450 1125733 1128 13882 19607 30813
111337 3431 0 0 283432 8464 3 3 1090 508934 649450 1125733 1094 13882 19607 30813
104541 3206 0 0 265746 7772 3 3 933 496181 649208 1008037 1083 13713 18377 30768
101336 3120 0 0 265065 7767 3 3 788 496181 649208 1008037 1014 13713 18377 30768
101340 3122 0 0 265064 7766 3 3 788 496181 649208 1008037 1076 13713 18377 30768
101337 3116 0 0 265065 7768 3 3 788 496181 649208 1008037 1076 13713 18377 30768
96365 2995 0 0 257080 7602 3 3 626 473443 648812 970092 976 13633 18225 26494
96358 2985 0 0 257083 7605 3 3 626 473443 648812 970092 963 13633 18225 26494
90556 2834 0 0 252698 7531 3 3 446 454809 623848 970092 941 13337 18225 26494
83029 2613 0 0 242603 7242 3 4 361 423623 619656 957905 851 11342 17233 26288
78097 2473 0 0 233602 7003 3 4 361 402582 616600 798201 845 11090 16728 24507
71174 2278 0 0 227732 6848 4 4 314 305745 600871 798201 775 7727 16223 24507
76994 2680 0 0 236731 7956 3 4 325 335596 619656 957905 845 11294 17233 26494
82624 2873 0 0 243515 8222 3 4 362 417004 616757 970092 896 11666 18102 30813
92377 3102 0 0 259969 8538 3 3 446 436969 651656 1006311 962 11926 19607 31760
101057 3330 0 0 271431 8769 3 3 551 460207 740955 1006311 1025 13337 22803 31760
102400 3349 0 0 272070 8744 3 3 498 460207 742345 1006311 963 13515 21493 31760
104935 3419 0 0 276437 8803 3 3 551 460207 742345 1038440 1025 13515 21493 32903
104985 3368 0 0 281061 8764 3 3 485 460207 742345 1068279 988 13337 21493 32878
111744 3544 0 0 286786 8856 2 3 678 497562 775009 1068279 1077 13852 21509 32878
107749 3388 0 0 273065 8268 2 3 699 497562 791364 1048414 1077 13852 21509 32773
114057 3510 0 0 279507 8324 2 3 829 536928 795149 1048414 1083 14130 21509 32773
113376 3499 0 0 275964 8275 2 3 829 536928 795149 1038090 1083 14130 20915 32773
114674 3525 0 0 275242 8275 2 3 852 586467 795149 1029371 1083 15002 20915 32773
119235 3710 0 0 282631 8626 2 3 852 603567 801383 1038090 1094 15352 21509 32878
120749 3710 0 0 288951 8704 2 2 829 603567 847291 1048414 1083 15352 22700 32878
122023 3752 0 0 288369 8758 2 2 873 608681 847017 1048414 1083 15195 22700 34728
121011 3722 0 0 288264 8759 2 3 852 608681 847017 1048414 1077 15195 22700 34728
126106 3898 0 0 298178 9097 2 2 873 620742 852190 1068993 1083 15629 22829 37041
130154 3978 0 0 304612 9161 2 2 914 635344 858450 1214841 1094 16163 23107 37041
131665 4048 0 0 305085 9203 2 2 947 635344 858450 1214841 1128 16306 23107 37041
133803 4107 0 0 305478 9205 2 2 1172 635344 858450 1214841 1193 16306 23107 37041
139205 4256 0 0 310769 9331 2 2 1585 637506 881736 1214841 1200 17132 23542 37041
146230 4512 0 0 315013 9567 2 2 3041 640704 883188 1214841 1323 17658 25262 37041
148370 4570 0 0 316189 9586 2 2 3054 641716 883188 1214841 1467 17658 25262 37041
155174 4779 0 0 322577 9750 2 2 3189 642962 942534 1214841 1984 18053 26747 37041
159053 4871 0 0 323279 9769 2 2 27825 642962 942534 1214841 3102 18053 26747 37041
159060 4875 0 0 323276 9767 2 2 27825 642962 942534 1214841 3102 18053 26747 37041
161798 4947 0 0 325392 9811 2 2 50224 646533 942534 1214841 3309 18153 26747 37041
165438 5093 0 0 329642 10057 1 2 99895 648110 957318 1214841 3498 19061 27365 38684
165437 5092 0 0 329642 10057 1 2 99895 648110 957318 1214841 3498 19061 27365 38684
174212 5324 0 0 336620 10271 1 2 159008 651692 1000590 1236718 4893 19422 28763 38951
165867 4864 0 0 331425 9538 2 2 98390 646533 957318 1236718 3309 18153 26747 37041
159256 4645 0 0 330455 9400 2 2 4328 646533 957318 1236718 1296 18053 26747 34728
150257 4388 0 0 320879 9099 2 2 3107 641716 942534 1214841 1217 17442 25262 32878
141580 4158 0 0 312610 8904 2 2 3041 637506 878647 1214841 1194 16662 23556 32878
135178 3959 0 0 309350 8799 2 2 1585 635344 878647 1214841 1141 16306 23556 32878
127451 3734 0 0 300912 8577 2 2 914 604729 853249 1207085 1083 15583 23107 32810
120828 3586 0 0 290972 8380 2 2 813 558570 847017 1183917 1083 15346 22715 32441
111595 3336 0 0 283310 8212 2 3 479 508377 823109 1183917 976 13664 21817 32441
105060 3152 0 0 275500 8007 2 3 377 457048 759694 1183917 889 12956 20895 32094
97177 2971 0 0 267948 7898 3 3 361 445524 683634 1183917 868 11286 20041 32094
90909 2828 0 0 262099 7806 3 3 361 391990 649647 1183917 851 10641 20041 32094
82669 2633 0 0 253229 7655 3 3 308 324727 641857 1183917 746 9334 19074 32094
76538 2388 0 0 243644 7204 3 3 220 221921 640552 1093802 690 7207 17196 29187
69947 2242 0 0 232086 7026 3 3 165 153726 581528 1043171 681 4958 16638 29187
62792 2035 0 0 222715 6676 4 4 138 17506 508935 1043171 677 1837 16255 28919
62810 2049 0 0 222710 6676 4 4 138 17506 508935 1043171 681 3428 16255 28919
56260 1833 0 0 206568 6125 4 4 112 3146 508358 883341 675 1253 15001 26762
52274 1781 0 0 195419 6006 4 4 112 3146 458436 823029 675 1513 11385 26762
66786 2430 0 0 219755 7705 3 4 256 153726 557467 902177 690 6159 16590 32094
72401 2597 0 0 224700 7837 3 3 269 291231 569530 902177 720 7251 16619 32094
78249 2760 0 0 231607 8004 3 3 308 324727 584795 903173 746 9393 16619 32486
84574 2858 0 0 258325 8349 3 3 361 324727 584795 1183917 839 10072 16619 35109
96482 3239 0 0 277291 8902 3 3 376 449037 597012 1207339 874 11229 21586 40124
95586 3226 0 0 276681 8949 3 3 376 449037 623529 1184320 874 11229 20580 40124
104513 3524 0 0 285372 9207 3 3 479 514584 655189 1184320 978 14356 21908 40124
116337 3829 0 0 313534 9748 3 3 578 529468 809168 1228638 1083 15022 25118 42332
127112 4121 0 0 325278 10031 3 2 1138 569585 884327 1228638 1128 15636 29870 42332
134308 4280 0 0 335690 10147 2 2 1585 575482 903564 1258983 1183 15892 29870 42332
142716 4485 0 0 352762 10434 2 2 3003 584798 984458 1293216 1225 16373 30802 43341
133943 4272 0 0 345309 10207 3 2 1585 575482 903564 1262883 1202 15750 29870 43341
140341 4428 0 0 352187 10319 2 2 1740 584798 984458 1312996 1228 15892 30076 43341
137116 4328 0 0 347719 10211 3 2 1585 575482 903564 1312996 1225 15853 29832 43341
141108 4486 0 0 359575 10701 3 2 1638 575482 984458 1484482 1228 15993 30076 44746
147004 4701 0 0 362062 10765 2 2 3107 584798 984458 1484482 1565 16595 30076 44746
153213 4843 0 0 371543 10895 2 2 3146 585940 993597 1491127 1776 16658 30802 44746
161039 5025 0 0 372805 10890 2 2 10309 595883 993597 1491127 2387 16658 30802 44746
163588 5071 0 0 374322 10911 2 2 19048 600378 993597 1491127 2433 16698 30802 44746
167760 5174 0 0 375631 10924 2 2 61725 618473 993597 1491127 3500 16698 30802 44746
173876 5360 0 0 380591 11075 2 2 83501 624349 1081003 1491127 4227 16918 31049 44746
175585 5430 26 52 380956 11107 2 2 88313 624349 1081003 1491127 4546 18771 31049 44746
181612 5578 26 52 384565 11177 2 2 113889 640991 1081003 1491127 5915 19166 31049 44746
188506 5758 52 52 392147 11353 2 2 143263 646267 1123895 1491127 6057 19941 34394 44746
197362 5998 75 52 401595 11579 2 2 189475 659369 1227144 1491127 6463 20558 35019 44746
200151 6082 102 52 402093 11596 2 2 214049 659369 1227144 1491127 6800 20558 35019 44746
205721 6210 104 52 403140 11602 2 2 254681 659369 1227144 1491127 7335 20558 35019 44746
212699 6371 104 127 406388 11661 2 2 285314 673299 1227144 1491127 7855 20905 35019 44746
212699 6372 104 127 406388 11661 2 2 285314 673299 1227144 1491127 7855 20905 35019 44746
219760 6547 104 115 413444 11881 2 2 296644 770640 1229330 1499188 8306 21718 35309 44746
209921 6004 102 52 408530 11137 2 2 258100 673299 1228443 1499188 7592 20558 30977 43323
203927 5828 75 52 407499 11094 2 2 219758 673299 1228443 1499188 7055 20558 30977 43323
198520 5681 52 52 403809 10992 2 2 197346 669692 1138476 1499188 6231 20558 30076 43323
188170 5416 52 52 388566 10650 2 2 143263 659369 1081003 1491127 5987 20277 29832 40232
179711 5103 52 52 378966 10285 2 2 100621 646226 1037578 1484482 4043 19338 28205 39897
178883 5026 52 52 379451 10158 2 2 100621 646226 1037578 1484482 4043 18938 27756 39897
166071 4629 0 0 374245 9953 2 2 30048 644906 1037578 1484482 2225 16471 27395 39897
154246 4325 0 0 352661 9449 2 2 4317 630963 985405 1312859 1706 15853 26698 38178
140735 3960 0 0 340556 9101 2 3 3107 603410 900064 1312859 1563 15548 23148 38178
129900 3659 0 0 325841 8666 3 3 2497 554025 770938 1298421 1332 14155 22126 34437
121492 3451 0 0 306927 8299 3 3 1723 543847 732664 1287223 1230 13856 21667 30124
121482 3419 0 0 306930 8299 3 3 1231 543847 732664 1287223 1191 13856 21667 30124
114708 3252 0 0 298689 8140 3 3 992 518689 666294 1268645 1128 12640 20871 28402
112866 3198 0 0 297686 8109 3 3 866 512946 666294 1268645 1094 12316 20871 28402
106357 2989 0 0 280430 7394 3 3 822 479127 650120 1254285 1077 12159 19908 27743
100458 2778 0 0 276347 7248 3 3 467 414825 646047 1254285 959 9858 19309 27743
94244 2631 0 0 262217 7011 3 3 427 412041 645043 1039782 829 9390 18919 26755
86424 2455 0 0 258402 6955 3 3 420 385087 644901 1039782 722 8353 18919 26755
83881 2420 0 0 255430 6903 3 3 427 367739 633705 1039782 725 8269 18919 26755
93251 2845 0 0 267971 7801 3 3 427 405265 649609 1254285 818 9390 20189 28478
93537 2830 0 0 265364 7638 3 3 427 412041 649609 1040068 818 10338 19874 27743
106736 3078 0 0 276067 7744 2 3 507 591922 663318 1040068 959 13575 19309 27743
110486 3220 0 0 288426 8258 3 3 738 573831 653609 1268366 1043 13575 19309 28513
110871 3224 0 0 280552 8033 3 3 999 601920 650117 1040068 1094 14283 18919 27743
115001 3318 0 0 279366 7865 2 3 1590 604385 650117 902920 1225 14592 18919 26696
125084 3588 0 0 301482 8572 3 3 3017 621249 674326 1039788 1503 14678 19324 26755
127185 3644 0 0 304212 8629 2 3 3041 627564 739962 1039788 1569 14900 20230 26755
126846 3629 0 0 305835 8655 2 3 3041 618707 739962 1254630 1569 14678 20230 27816
135197 3830 0 0 312021 8769 2 3 4148 633137 751596 1254630 1676 14947 21657 27816
134638 3773 0 0 307989 8554 2 3 4282 633588 751596 1192265 1732 14900 21657 27773
134892 3741 0 0 311577 8512 2 3 4282 633588 751596 1254630 1732 14678 20244 27773
134932 3751 0 0 312370 8538 2 3 3382 633588 751596 1254630 1732 14900 20244 27773
134690 3717 0 0 321645 8681 2 3 3054 633588 807229 1271344 1626 14678 20244 29810
133409 3670 0 0 319348 8579 2 3 3054 631682 751596 1271344 1626 14637 18769 29810
134151 3787 0 0 323800 8945 2 3 3017 633588 807229 1271344 1581 14637 21926 32063
136186 3804 0 0 323620 8909 2 3 3041 633588 807229 1254630 1581 14637 20806 32063
141345 3953 0 0 327897 9048 2 3 3112 636302 841002 1254630 1676 14925 21926 32063
145141 4026 26 26 328707 9050 2 3 17703 636302 841002 1254630 2283 14925 21926 32063
147671 4082 52 52 329149 9049 2 3 40370 636302 841002 1254630 2561 14925 21926 32063
157288 4280 52 52 333347 9101 2 3 116643 640499 841002 1254630 3093 15245 21926 32063
158726 4319 104 52 333050 9090 2 3 118370 640499 841002 1254630 3489 15245 21926 32063
166253 4530 104 78 338983 9274 2 3 128579 643747 859073 1254630 3967 15898 22101 37043
171832 4661 104 153 340948 9312 2 3 146371 644188 859073 1254630 4046 16209 22101 37043
176754 4799 228 436 341914 9339 2 2 186956 644188 859073 1254630 4677 16921 22101 37043
179971 4868 260 561 342352 9343 2 2 192449 644188 859073 1254630 5026 16921 22101 37043
188519 5089 312 723 347449 9445 2 2 224589 648791 876697 1254630 5457 17396 22168 37043
195348 5221 361 831 349231 9441 2 2 279370 649401 876697 1254630 6564 17396 22168 37043
200308 5344 361 856 350413 9454 2 2 302961 649401 876697 1254630 7399 17396 22168 37043
200298 5333 361 855 350418 9459 2 2 302961 649401 876697 1254630 7399 17396 22168 37043
186766 4807 301 727 342700 8833 2 2 224589 647854 859073 1204473 5457 15803 21959 29810
180366 4640 222 602 339543 8770 2 3 201362 644323 841002 1204473 5042 14925 21959 29810
165475 4325 104 217 333355 8673 2 3 135216 640545 841002 1204473 3993 14637 21959 29810
155696 4031 104 52 318683 8084 2 3 119688 640453 807229 1191249 3564 14296 21918 28105
148420 3851 52 52 315795 8024 2 3 64526 637388 807229 1191249 2735 13269 21918 28105
135437 3524 52 52 303688 7803 2 3 38133 610784 753844 1174728 2443 12222 18642 28105
122564 3170 0 0 280663 6955 2 3 3069 592064 649500 1146567 1938 11653 18099 27621
114891 2983 0 0 274421 6812 2 3 1658 541488 649450 1146567 1443 11648 17448 27621
108239 2826 0 0 265213 6597 2 3 1500 537541 649398 1037047 1225 11564 16924 24526
99883 2622 0 0 257034 6414 3 3 911 514172 648020 1037047 1128 10738 15812 24526
93315 2469 0 0 247277 6203 3 3 576 485333 644127 958470 1083 9441 13634 23693
86877 2330 0 0 236149 6057 3 3 475 418943 640671 771829 1031 8797 13292 22002
85091 2276 0 0 234740 6005 3 3 468 410095 640671 771829 1031 8272 12922 22002
81773 2273 0 0 217032 5765 2 3 475 410095 637220 753396 1077 8797 13292 21381
92032 2742 0 0 237530 6790 2 3 576 453253 647849 957465 1094 10738 17448 25847
97007 2771 0 0 245467 6513 2 3 760 453253 647849 985604 1209 11003 17448 25816
101554 2952 0 0 254783 6848 2 3 783 484245 648020 1037432 1225 11648 17642 27039
99499 2905 0 0 251120 6730 2 3 1051 453253 648020 1037432 1225 11437 17472 26067
100497 2976 0 0 253110 6856 2 3 1051 484245 648020 1037432 1225 11648 18166 26067
107054 3166 0 0 267413 7233 2 2 1585 506746 649450 1191904 1271 11734 21382 27039
102039 3095 0 0 264632 7245 2 2 1051 454394 649401 1191904 1225 11687 21494 27039
105648 3212 0 0 269914 7420 2 2 1314 506746 656959 1191904 1196 12241 21631 27039
114373 3525 0 0 283412 7983 2 2 1585 538690 710629 1192270 1209 13704 22019 27039
117487 3627 0 0 284699 8051 2 2 2830 551440 710629 1192270 1225 15544 22019 27039
117750 3710 0 0 285222 8195 2 2 1638 551440 710629 1192270 1225 15819 23354 27965
127754 4130 0 0 297538 8907 2 2 3041 635465 743176 1192270 1225 18455 25144 30040
121302 3987 0 0 291183 8844 2 2 1585 629122 710629 1192270 1194 18021 25144 30040
120797 4034 0 0 290922 8903 2 2 1585 600852 732629 1192270 1192 18319 25144 30040
115833 3910 0 0 288134 8871 2 2 1314 558319 732629 1192270 1141 18319 25144 30040
122184 4036 0 0 297143 8969 2 2 1568 620597 740945 1222115 1188 18455 25144 30040
123639 4103 0 0 297620 8996 2 2 1585 620597 740945 1222115 1192 18455 25144 30040
129254 4277 0 0 300402 9069 2 2 3041 634358 740945 1222115 1225 18559 25144 30040
129243 4274 0 0 300406 9069 2 2 1988 634358 740945 1222115 1225 18559 25144 30040
135035 4438 0 0 314313 9422 2 2 1988 634751 744946 1240073 1225 18757 25812 32911
142670 4728 0 0 321582 9806 2 2 3387 636446 807767 1249461 1249 19984 26068 33337
142669 4726 0 0 321583 9807 2 2 3387 636446 807767 1249461 1228 19984 26068 33337
150015 4970 0 52 328954 10101 2 2 15354 643278 894571 1249461 1571 20867 26466 36889
151253 5003 26 52 329087 10105 2 2 19084 643278 894571 1249461 1805 20867 26466 36889
157024 5141 52 52 334630 10173 2 2 31583 645823 987695 1249461 2619 21171 26466 36889
158500 5191 52 52 334903 10173 2 2 43320 645823 987695 1249461 2948 21171 26466 36889
164631 5361 52 52 338744 10264 2 2 116513 646209 990701 1249461 4601 21281 26789 36889
164636 5360 52 52 338742 10265 2 2 116513 646209 990701 1249461 4601 21281 26789 36889
169743 5494 52 52 344480 10359 2 2 135275 647629 1050571 1266324 5262 21381 26870 36889
171148 5475 52 52 345296 10329 2 2 135275 647629 1050571 1266324 5262 21293 26870 36889
163214 5087 52 52 338825 9978 2 2 96299 645823 1050571 1249461 2730 19984 26789 36524
158742 4968 52 52 334075 9918 2 2 51008 645823 990701 1239731 2502 19163 26789 36524
148535 4713 52 52 321525 9697 2 2 24901 641819 807767 1213374 1901 18559 25855 36524
151755 4795 52 52 324445 9767 2 2 43203 643278 894729 1213374 2403 18692 26466 36524
148841 4707 52 52 322918 9705 2 2 28062 641819 894729 1213374 2057 18559 26466 36524
144819 4570 52 52 318326 9531 2 2 19084 636446 807767 1213921 1491 18508 25176 30395
144726 4558 52 52 322144 9593 2 2 19084 634751 894729 1249580 1491 18508 26466 31897
142095 4476 52 52 318262 9489 2 2 24901 629106 894729 1249580 1656 18319 26466 31897
133155 4144 0 26 303086 8940 2 2 12311 604936 743843 1213921 1327 17562 24990 30301
126211 3938 0 0 299863 8849 2 2 3054 603610 743843 1213921 1225 16387 24990 30301
126174 3892 0 0 301784 8836 2 2 1988 604936 802785 1213921 1202 16387 24990 30301
114846 3483 0 0 288732 8137 2 2 1585 535333 697401 1213921 1180 14438 23443 29398
112748 3400 0 0 287274 8058 2 3 1568 529186 697401 1213921 1171 14202 19846 29398
113636 3476 0 0 291671 8421 3 3 1568 449651 700347 1245337 1171 14028 23481 30301
113637 3479 0 0 291670 8420 3 3 1568 449651 700347 1245337 1171 14028 23481 30301
109697 3406 0 0 283770 8336 3 3 1568 438865 654533 1213844 1171 13895 19846 30301
112143 3448 0 0 285771 8363 3 3 1568 527078 654533 1213844 1171 14028 19846 30301
108410 3345 0 0 283401 8326 3 3 1496 449001 654533 1213844 1128 13895 21106 30301
114632 3541 0 0 290203 8584 2 3 1638 527078 700347 1213844 1143 14202 23482 31897
110402 3450 0 0 275364 8241 2 3 1638 522491 654533 1191295 1143 14202 21585 30301
103099 3169 0 0 265849 7731 2 3 1496 443785 647859 1187911 1128 13895 19723 29398
106758 3346 0 0 267257 7871 2 3 1638 473183 647859 1187911 1180 14202 21009 29398
103126 3238 0 0 258952 7544 2 2 1585 443785 645961 1128829 1180 14028 21009 27557
106985 3335 0 0 261998 7615 2 2 2002 505141 646278 1128829 1195 14202 21138 27557
105254 3352 0 0 256326 7660 2 2 3107 476239 645961 1074164 1195 14204 21138 27557
103778 3303 0 0 255663 7648 2 2 1638 476239 645961 1074164 1180 14204 21138 27557
103079 3340 0 0 252888 7712 2 2 1638 476239 644747 1074164 1146 14204 21584 28623
104856 3414 0 0 253101 7731 2 2 2002 476239 644747 1074164 1183 14204 21584 28623
106767 3509 0 0 250154 7816 2 2 3146 522491 644747 993024 1195 14522 22405 28623
105182 3487 0 0 249681 7865 2 2 1638 522491 644747 993024 1183 14204 23420 28623
107477 3603 0 0 252455 8150 2 2 3107 522491 644747 993024 1215 14204 23420 28623
105834 3561 0 0 248669 8092 2 2 1739 522491 644747 911677 1183 14522 22405 28623
106197 3544 0 0 249048 8083 2 2 1739 522491 644747 911677 1183 14522 22405 28623
105869 3484 0 0 251482 8033 2 3 1585 522491 641887 913285 1146 14057 22405 28623
105646 3480 0 0 250539 8018 2 3 1568 505141 641887 913285 1129 13132 22405 28623
107612 3555 0 0 251756 8134 2 2 1739 522491 644585 913285 1183 14115 22405 29402
110172 3597 0 0 248954 8045 2 2 3107 527078 644585 873701 1202 14115 21531 28623
113066 3651 0 0 256029 8117 2 2 3054 531910 644760 913285 1238 15112 21868 28623
105757 3461 0 0 251433 8011 2 3 1568 505141 644585 913285 1146 14086 21505 28623
103997 3427 0 0 250313 7997 2 3 1496 495868 644585 913285 1129 14086 21505 28623
98863 3264 0 0 244574 7803 2 3 1274 474904 641740 913285 1120 13113 21138 27298
96965 3179 0 0 244019 7753 2 3 666 474904 641740 913285 1085 12587 21138 27298
96967 3183 0 0 244019 7752 2 3 666 474904 641740 913285 1098 12587 21138 27298
89765 2935 0 0 233569 7240 2 3 473 470180 632058 873701 991 12258 20990 26306
89763 2932 0 0 233569 7241 2 3 473 470180 632058 873701 991 12258 20990 26306
87354 2872 0 0 231567 7206 3 3 473 439902 631962 873701 963 12010 20990 26306
83444 2763 0 0 227964 7126 3 3 434 401365 630087 873701 896 11093 20990 26306
81560 2688 0 0 226643 7051 3 3 421 371172 630087 873701 887 10327 20983 26306
75330 2484 0 0 216922 6711 3 3 361 310171 624471 786280 846 9358 19291 26032
73768 2413 0 0 215760 6622 3 3 361 286185 624471 786280 837 8927 18548 26032
73436 2404 0 0 215795 6621 3 3 361 286185 624471 786280 821 8927 18548 26032
69780 2234 0 0 213478 6427 3 3 361 257840 624471 786280 743 8076 18165 26032
66072 2108 0 0 210390 6278 3 4 361 181454 607829 786280 733 6401 15845 26032
69962 2461 0 0 211244 6791 3 3 415 277799 589750 786280 837 10283 18237 27275
73286 2546 0 0 213267 6770 3 3 421 309153 589750 786280 851 11084 18551 26310
84438 2891 0 0 222900 7027 3 3 473 426492 615932 786280 1077 12070 19263 26310
82060 2813 0 0 220122 6885 3 3 473 402581 613895 786280 1077 11989 18556 26032
84025 2932 0 0 222528 7057 3 3 509 426492 613895 786280 1083 12070 19372 26032
80360 2803 0 0 216635 6819 3 3 473 402581 573125 652510 1083 11876 18556 25155
78701 2757 0 0 214292 6710 3 3 562 361244 538667 652510 1076 11876 18514 24369
72393 2541 0 0 200218 6033 3 2 562 341359 532635 647737 1076 11704 18405 24050
75137 2657 0 0 197370 6020 3 2 1479 361244 530177 644639 1097 11704 18231 24050
76502 2702 0 0 198693 6023 3 2 1585 363442 532635 644639 1129 11704 18231 24050
75183 2692 0 0 189306 5910 2 2 1904 363442 530177 641796 1141 11876 15508 22818
86872 2961 0 0 202029 6091 2 2 3151 445594 537926 644639 1247 12448 17020 22818
85859 2939 0 0 191837 5857 2 2 3213 445594 532635 637731 1380 12448 15332 21862
85472 2931 0 0 191037 5853 2 2 3213 432625 532635 637848 1380 12448 15332 21862
81657 2858 26 0 180431 5717 2 2 3213 426421 530177 627045 1279 12006 14872 20216
91325 3093 52 52 197159 5943 2 2 9619 445594 542091 647556 1795 12498 15445 22797
94183 3172 52 52 198913 5978 2 2 24671 445594 542091 647556 2374 12498 15445 22797
103988 3469 56 52 209472 6278 2 1 55799 476786 556583 647826 3575 13403 18525 22797
106900 3558 79 52 211063 6325 2 1 65224 476786 556583 647826 3952 13584 18525 22797
108529 3603 104 52 212095 6346 1 1 67547 476925 556583 647826 4048 13584 18525 22797
111999 3755 104 52 218705 6801 2 2 69779 477604 558648 651763 4193 13936 18671 23001
116117 3875 108 150 220496 6832 1 2 88890 477945 558648 651763 4717 13936 18671 23001
119455 3992 160 171 221738 6876 1 2 122325 483041 558648 651763 5124 13950 18671 23001
128941 4229 196 272 229632 7001 1 2 187220 489680 613895 817861 6906 14654 18671 23001
137660 4469 310 609 235078 7119 1 1 252579 522434 616059 817861 8279 14855 19078 23510
138677 4494 312 628 235133 7117 1 1 261753 522434 616059 817861 8279 14855 19078 23510
145371 4672 362 678 237102 7143 1 1 287573 522434 616059 817861 9144 14855 19078 23510
145368 4668 361 670 237103 7146 1 1 287573 522434 616059 817861 9144 14855 19078 23510
151858 4810 361 665 255061 7395 2 1 291323 523594 627370 836329 9433 14947 19263 24050
153391 4831 361 663 255544 7401 2 1 292718 523594 627370 836329 9443 14947 19263 24050
145340 4390 310 472 253421 6984 2 2 275155 523594 627370 836329 8169 14267 18525 22797
145241 4340 260 285 257803 7048 2 2 261753 530294 647564 873447 7802 14267 18525 22990
134088 3995 131 150 252224 6866 2 2 187220 488311 638145 873447 5924 13936 17368 22990
136845 4094 108 127 267597 7682 2 3 173030 488311 647564 885910 5528 13936 17368 22990
133100 3903 104 52 265990 7529 2 3 158520 477945 647564 885910 5190 13501 16958 21329
135611 4033 104 52 281197 8389 2 4 131367 477945 647852 922122 4965 13501 17005 22990
136692 4068 98 52 281815 8446 2 4 142261 477945 647852 922122 4965 13657 17368 23351
142842 4283 52 52 298605 9322 2 4 159406 483340 648414 953008 5124 13936 17594 23557
136458 4117 52 52 296442 9296 3 4 90518 477945 648414 953008 4150 13501 17594 23557
138622 4121 26 40 307290 9392 3 4 64206 477945 654681 1042612 2844 13658 18671 26393
140829 4168 0 0 325473 9725 3 4 35643 477945 772735 1126896 1916 13959 19092 27868
129038 3914 0 0 320200 9681 3 4 3146 466064 654681 1126896 1255 13501 19164 27868
129209 3945 0 0 333819 10155 3 4 1585 463834 772735 1597919 1200 13501 19603 38047
122527 3794 0 0 329745 10106 3 4 1500 462764 654681 1597919 1128 13263 19603 38047
122565 3786 0 0 330463 10128 3 4 1051 462925 654681 1597919 1083 13300 19603 38047
117504 3659 0 0 325677 10054 3 4 740 460675 648414 1597919 1065 13258 18675 38047
122991 3790 0 0 329795 10119 3 4 1500 462925 654681 1597919 1083 13300 19220 38047
117162 3582 0 0 329349 10033 3 4 740 457887 654681 1597919 1046 12156 17928 38047
125023 3710 0 0 339045 10101 3 4 1500 462925 780168 1597919 1083 12626 19226 38047
123393 3661 0 0 338481 10090 3 4 893 459897 780168 1597919 1077 12019 19226 38047
122393 3557 0 0 336201 9806 3 4 893 459897 772735 1597919 1077 12019 17928 27868
123392 3532 0 0 340052 9830 3 4 623 459897 780168 1597919 1031 12019 19195 27868
120049 3415 0 0 339284 9794 3 4 483 457887 780168 1597919 903 11693 19195 27868
117106 3331 0 0 350297 9966 3 4 431 455408 782648 1743202 886 10669 20199 38006
115509 3395 0 0 358199 10635 3 4 361 454526 871303 1743202 837 10095 20199 44228
115815 3401 0 0 358263 10634 3 4 361 454526 871303 1743202 846 10095 20199 44228
115576 3380 0 0 356694 10590 3 4 431 350905 871303 1743202 886 9451 20199 44228
122464 3513 0 0 373934 10795 3 4 431 352535 952015 1763028 887 9638 20821 44228
117560 3423 0 0 361931 10644 3 4 431 352535 871303 1743202 886 9638 20199 44228
116022 3392 0 0 361440 10640 3 4 380 350905 871303 1743202 886 9498 20199 44228
115085 3351 0 0 361376 10636 3 4 361 350905 871303 1743202 837 9202 20199 44228
115087 3370 0 0 371347 10970 3 4 361 321346 872107 1764310 742 8588 19701 49232
117143 3427 0 0 371974 10978 3 4 364 343100 872107 1764310 847 8649 19701 49232
117263 3331 0 0 362419 10368 3 4 431 352535 747008 1764310 887 9448 19170 44228
122538 3471 0 0 363422 10390 3 4 496 397830 747008 1764310 1076 9613 19170 44228
116748 3244 0 0 350870 9665 3 4 483 358152 722261 1681237 1076 9448 18511 39966
115219 3160 0 0 350380 9597 3 4 444 352535 722261 1681237 973 9202 17894 39966
109038 2922 0 0 335690 8726 4 4 431 350905 576954 1596617 941 8920 16843 27908
107486 2862 0 0 335652 8715 4 4 380 350905 576954 1596617 887 8618 16843 27908
102139 2764 0 0 324504 8599 4 4 361 343100 526625 1309760 872 8557 14918 27028
95253 2602 0 0 304018 8173 4 5 361 340394 487728 1172135 835 8185 14782 23900
93700 2537 0 0 303312 8119 4 5 361 321140 487728 1172135 742 7717 14496 23900
87506 2340 0 0 285684 7446 4 5 361 315114 479538 1080737 733 7315 14168 20856
87506 2340 0 0 285684 7446 4 5 361 315114 479538 1080737 733 7315 14168 20856
85974 2299 0 0 284898 7415 4 5 361 297772 479538 1080737 733 7256 14168 20856
81569 2214 0 0 279784 7337 4 5 361 284543 478239 1080737 733 6676 12552 20856
73224 2003 0 0 272629 7180 5 6 272 168888 459252 1080737 721 4608 11464 20241
69245 1909 0 0 265203 7037 5 6 169 133102 456982 871334 691 4237 10890 19686
58475 1700 0 0 249078 6838 6 7 164 69025 355972 721679 672 3240 8570 18501
74707 2363 0 0 286992 8784 5 5 312 168888 456982 1081812 722 5360 11504 39932
81008 2566 0 0 305129 9308 5 5 312 193130 459252 1232322 722 5702 11504 42454
81642 2734 0 0 313593 10202 5 5 324 182014 459252 1678642 724 5627 11504 43957
89051 3020 0 0 328106 10801 4 5 361 220283 479538 1705428 733 5734 13859 44378
91248 3145 0 0 322875 11015 4 4 361 251403 486268 1678247 733 6676 13859 56548
90516 2960 0 0 317319 10327 4 5 361 251403 496212 1589135 733 6676 13859 44205
90943 2968 0 0 317975 10334 4 5 361 251403 516306 1589135 733 6676 13859 44205
93380 3038 0 0 332720 10617 4 4 309 221405 524383 1705428 691 6765 14183 44205
93596 3176 0 0 330805 10950 4 4 354 221405 524383 1705428 722 7989 14183 56548
100635 3410 0 0 341554 11391 4 4 361 288981 528687 1705428 724 8587 14788 56548
100638 3419 0 0 341553 11389 4 4 361 288981 528687 1705428 733 8587 14788 56548
109272 3653 0 0 350098 11574 3 4 361 360947 723113 1705428 844 10535 20692 56548
110983 3692 0 0 343562 11351 3 4 364 402076 762075 1589135 868 10877 22669 56081
110694 3706 0 0 343635 11378 3 4 361 402076 762075 1589135 844 10877 22669 56081
104767 3576 0 0 340920 11354 3 4 354 350898 762075 1589135 723 10535 22669 56081
106270 3701 0 0 343460 11513 3 4 312 361719 845909 1589135 721 10907 24178 56081
106206 3700 0 0 343476 11514 3 4 312 361719 845909 1589135 691 10907 24178 56081
107955 3764 0 0 344169 11537 3 4 354 407471 845909 1589135 729 11031 24178 56081
115032 3984 0 0 356544 11931 3 3 361 429551 871226 1702241 733 11741 24834 56402
115034 3987 0 0 356543 11931 3 3 361 429551 871226 1702241 733 11741 24834 56402
116755 4061 0 0 357229 11975 3 3 361 442749 871226 1702241 733 12287 24834 56402
116754 4062 0 0 357230 11975 3 3 361 442749 871226 1702241 763 12287 24834 56402
116755 4063 0 0 357229 11975 3 3 361 442749 871226 1702241 763 12287 24834 56402
122435 4303 52 52 359072 12087 3 3 376 503745 871226 1702241 1046 14038 25750 56402
123882 4349 52 52 359219 12087 3 3 489 503745 871226 1702241 1077 14038 25750 56402
126497 4416 52 52 359581 12087 3 3 879 503745 871226 1702241 1196 14038 25750 56402
130427 4490 52 52 360899 12099 3 3 1042 505014 871226 1702241 1204 14308 25750 56402
136889 4676 52 52 365810 12211 3 3 1663 515922 889780 1702241 1317 15595 26174 56402
143105 4933 52 52 368126 12301 3 3 3577 516476 889780 1702241 1813 16999 26174 56402
148313 5053 52 52 369707 12310 3 3 4669 524546 889780 1702241 1976 16999 26174 56402
137220 4529 52 52 345853 11179 3 3 3582 516476 845909 1589078 1935 15595 24464 56078
128450 4277 52 52 329234 10770 3 3 3474 515922 841589 1479861 1629 14981 24161 43927
129440 4170 52 52 319848 9951 3 3 3582 516476 764401 1189744 1865 14981 22669 32661
122502 3907 52 52 305842 9329 3 3 3577 507099 757847 1159679 1797 14286 20862 32192
115475 3679 52 52 293005 8785 3 3 3474 503745 676886 1074375 1629 13970 20601 31325
114827 3671 52 52 299152 8859 3 3 3458 503069 650128 1074869 1555 13788 20862 31984
113691 3645 52 52 298241 8850 3 3 3458 480860 650128 1074869 1555 13788 20862 31984
106500 3453 52 52 282021 8525 3 3 3236 455961 609986 993389 1321 12515 20453 31321
99397 3186 52 52 260754 7817 3 3 1663 449358 607837 886559 1204 11638 19501 30335
96674 3052 52 52 258992 7364 3 3 1496 429551 607837 886559 1204 11030 18072 30335
96826 3067 52 52 258942 7369 3 3 2222 429551 607837 886559 1196 11030 18072 30335
89871 2865 52 52 247937 7063 3 3 1496 394521 549909 881475 1180 10199 17623 26063
84891 2706 52 52 241441 6799 3 3 1028 367800 536388 865212 1180 9508 17528 25486
85914 2718 52 0 244004 6873 3 3 875 367800 549909 865212 1114 9508 17528 25969
87628 2782 52 52 244220 6888 3 3 1496 367800 549909 865212 1196 9676 17528 25969
80852 2526 52 26 238195 6546 4 4 673 307351 536388 842215 1146 9178 16937 25486
87033 2666 52 52 243018 6642 3 3 1397 350442 549909 842215 1184 9460 16986 25486
87429 2684 52 52 242327 6618 3 3 1663 348523 549909 842215 1196 9460 16937 25486
83105 2545 52 52 225153 5857 3 3 2222 336285 549909 839521 1225 9322 14819 24468
83098 2539 52 52 225156 5858 3 3 1716 336285 549909 839521 1204 9322 14819 24468
88987 2688 52 52 230743 5952 3 2 3083 367800 603360 839521 1287 9686 16529 24468
90936 2756 52 52 230882 5954 3 2 3487 367800 603360 839521 1555 9686 16529 24468
91721 2790 52 52 230730 5955 3 2 8546 367800 603360 839521 1706 9686 16529 24468
86640 2568 52 52 227094 5661 3 3 3159 348523 594813 839521 1506 9322 14263 20861
88567 2630 52 52 228568 5705 3 3 3263 351722 594813 839521 1516 9460 14714 20861
88521 2636 52 52 228526 5737 3 3 3263 351722 594813 839521 1506 9508 14863 20861
86179 2575 52 52 227217 5710 3 3 3046 348523 561460 839521 1320 9508 14863 20861
81843 2465 52 52 220019 5489 3 3 1585 333680 548679 738964 1287 9326 14714 20293
77692 2308 52 52 216511 5284 3 3 987 307062 548679 649293 1203 8555 13582 19284
74460 2271 52 52 212632 5255 4 3 734 280438 537550 649293 1196 8434 13541 19284
69727 2155 52 52 208980 5168 4 3 579 227253 518774 649293 1184 7302 13290 19284
71262 2200 52 52 209138 5170 4 3 1472 237977 518774 649293 1196 7302 13290 19284
66659 2147 52 52 201763 5075 4 3 1496 219759 469550 646233 1196 7205 13112 19284
68523 2195 52 52 203546 5119 4 3 1612 226008 504569 646233 1225 7302 13290 19284
68623 2190 52 52 203275 5112 4 3 1988 226008 504569 646233 1228 7102 13290 19284
65623 2169 52 52 181504 4856 4 3 3137 226008 504569 636161 1320 7102 13279 17707
78726 2560 52 52 202182 5477 3 3 19149 280870 548249 704721 1887 9178 13625 20319
85771 2763 52 52 215192 5776 3 2 27010 325508 551231 739304 2109 10629 14863 22163
85773 2766 52 52 215191 5775 3 2 27010 325508 551231 739304 2109 10629 14863 22163
83323 2685 52 52 200016 5441 3 2 28440 325508 548249 704721 2141 10450 14651 20319
88251 2792 52 52 206208 5557 3 2 40798 333695 551231 739304 2208 10805 14863 20319
88221 2816 52 52 206149 5613 3 2 40798 333695 551231 739304 2208 11036 15266 20319
84225 2726 52 52 195934 5463 2 2 38752 328597 548249 704721 2152 10805 14863 19284
81432 2640 52 52 191060 5286 3 2 31729 325508 537550 648603 2141 10629 14651 18903
86359 2812 52 52 214869 6330 3 4 28440 328597 548249 704721 2109 10805 14863 19284
88064 2867 52 52 216209 6389 3 4 31729 333695 548249 704721 2141 11036 15266 19284
81859 2714 52 52 210812 6298 3 4 13966 319862 523309 648603 1868 10466 14863 19284
85581 2771 52 20 231433 6676 4 4 5372 319862 537701 705498 1571 10466 15266 20319
89873 2991 0 0 242456 7473 3 4 3751 325508 551231 861119 1373 10805 16329 26279
89873 2992 0 0 242456 7473 3 4 3751 325508 551231 861119 1520 10805 16329 26279
86570 2948 0 0 240396 7529 4 4 3137 315348 527529 861119 1373 10428 16357 26279
88938 3027 0 0 244856 7697 3 4 3054 325508 537701 861119 1225 10805 17811 26279
91912 3177 0 0 247948 7946 3 3 3054 408273 551231 861119 1225 11175 18965 29469
96540 3359 0 0 260136 8488 3 3 3102 416817 556085 996046 1225 12076 20324 29969
93169 3255 0 0 258533 8457 3 3 2312 337046 556085 996046 1203 11175 20324 29969
96198 3401 0 0 266077 8874 3 3 1793 416817 608118 1118904 1196 12076 21153 31518
99391 3538 0 0 268032 8970 3 3 3041 419613 612803 1118904 1225 12974 22147 31518
101238 3599 0 0 269262 9013 3 3 3054 425245 613092 1118904 1225 13334 23121 31518
102736 3607 0 0 268986 8985 3 3 3132 425245 609626 1118904 1225 13334 23121 31518
100757 3519 0 0 268755 8968 3 3 3041 425245 609626 1118904 1203 13334 23121 31518
100354 3497 0 0 268853 8971 3 3 1793 425245 609626 1118904 1196 13334 23121 31518
