3540 0 0
3541 0 0
3542 0 0
3543 486 3500
3544 897 3639
3545 0 0
3546 0 0
3547 0 0
3548 451 3476
3549 486 219
3550 0 0
3551 0 0
3552 0 0
3553 0 0
3554 0 0
3555 0 0
3556 0 0
3557 0 0
3558 0 0
3559 163 163
3560 0 0
3561 0 0
3562 0 0
3563 0 0
3564 0 0
3565 0 0
3566 0 0
3567 0 0
3568 163 123
3569 0 0
3570 0 0
3571 0 0
3572 0 0
3573 0 0
3574 0 0
3575 0 0
3576 0 0
3577 0 0
3578 0 0
3579 163 123
3580 0 0
3581 0 0
3582 0 0
3583 0 0
3584 0 0
3585 0 0
3586 0 0
3587 0 0
3588 0 0
3589 163 163
3590 435 179
3591 0 0
3592 0 0
3593 0 0
3594 0 0
3595 0 0
3596 0 0
3597 0 0
3598 0 0
3599 0 0
3600 0 0
3601 163 123
3602 0 0
3603 0 0
3604 0 0
3605 0 0
3606 446 3516
3607 40 0
3608 0 0
3609 0 0
3610 0 0
3611 446 3500
3612 40 0
3613 160 1189
3614 0 0
3615 0 0
3616 0 0
3617 0 0
3618 0 0
3619 0 0
3620 0 0
3621 123 0
3622 0 40
3623 0 0
3624 40 123
3625 0 0
3626 0 0
3627 0 0
3628 0 0
3629 889 318
3630 486 3532
3631 0 0
3632 0 0
3633 0 0
3634 0 0
3635 446 3532
3636 40 0
3637 0 0
3638 0 0
3639 486 3532
3640 0 0
3641 0 0
3642 0 0
3643 446 3532
3644 40 0
3645 486 3532
3646 0 0
3647 0 0
3648 0 0
3649 0 0
3650 0 0
3651 0 0
3652 435 179
3653 0 0
3654 0 0
3655 0 0
3656 0 0
3657 486 3532
3658 0 0
3659 0 0
3660 0 0
3661 0 0
3662 0 0
3663 0 0
3664 486 3532
3665 0 0
3666 0 0
3667 0 0
3668 0 0
3669 0 0
3670 0 0
3671 0 0
3672 0 0
3673 0 0
3674 475 262
3675 451 179
3676 0 0
3677 0 0
3678 0 0
3679 0 0
3680 0 0
3681 0 0
3682 486 3532
3683 849 318
3684 40 0
3685 0 0
3686 0 0
3687 486 3532
3688 0 0
3689 435 179
3690 0 0
3691 585 3500
3692 451 179
3693 0 0
3694 0 0
3695 0 0
3696 0 0
3697 0 0
3698 0 0
3699 0 0
3700 0 0
3701 0 0
3702 0 0
3703 163 123
3704 0 0
3705 0 0
3706 0 0
3707 0 0
3708 0 0
3709 0 0
3710 0 0
3711 0 0
3712 0 0
3713 163 163
3714 0 0
3715 0 0
3716 0 0
3717 0 0
3718 0 0
3719 0 0
3720 0 0
3721 0 0
3722 0 0
3723 163 163
3724 0 0
3725 0 0
3726 0 0
3727 0 0
3728 0 0
3729 0 0
3730 0 0
3731 0 0
3732 0 0
3733 163 123
3734 0 0
3735 0 0
3736 0 0
3737 0 0
3738 1071 7064
3739 486 6845
3740 486 219
3741 0 0
3742 0 0
3743 0 0
3744 435 179
3745 0 0
3746 0 0
3747 0 0
3748 0 0
3749 0 0
3750 0 0
3751 0 0
3752 0 0
3753 0 0
3754 0 0
3755 163 123
3756 0 0
3757 0 0
3758 451 179
3759 0 0
3760 0 0
3761 0 0
3762 0 0
3763 160 1189
3764 0 0
3765 0 0
3766 0 0
3767 0 0
3768 123 40
3769 0 0
3770 0 0
3771 0 0
3772 0 0
3773 0 0
3774 40 123
3775 446 3353
3776 40 179
3777 0 0
3778 0 0
3779 0 0
3780 0 0
3781 0 0
3782 0 0
3783 0 0
3784 0 0
3785 0 0
3786 163 123
3787 0 0
3788 0 0
3789 0 0
3790 0 0
3791 0 0
3792 0 0
3793 0 0
3794 0 0
3795 0 0
3796 163 123
3797 0 0
3798 0 0
3799 435 179
3800 446 3500
3801 40 0
3802 0 0
3803 0 0
3804 0 0
3805 0 0
3806 0 0
3807 0 0
3808 0 0
3809 0 0
3810 0 0
3811 163 123
3812 0 0
3813 0 0
3814 0 0
3815 0 0
3816 0 0
3817 486 3532
3818 486 3532
3819 0 0
3820 0 0
3821 0 0
3822 0 0
3823 0 0
3824 0 0
3825 0 0
3826 0 0
3827 0 0
3828 569 3695
3829 0 0
3830 0 0
3831 0 0
3832 0 0
3833 0 0
3834 0 0
3835 0 0
3836 0 0
3837 0 0
3838 0 0
3839 163 163
