1660 486 3500
1661 0 0
1662 80 815
1663 80 374
1664 435 179
1665 0 0
1666 0 0
1667 0 0
1668 0 0
1669 0 0
1670 0 0
1671 0 0
1672 0 0
1673 0 0
1674 0 0
1675 163 123
1676 0 0
1677 0 0
1678 0 0
1679 0 0
1680 0 0
1681 486 3500
1682 0 0
1683 0 0
1684 0 0
1685 0 0
1686 0 0
1687 0 0
1688 0 0
1689 0 0
1690 123 40
1691 40 123
1692 0 0
1693 0 0
1694 395 0
1695 40 179
1696 0 0
1697 0 0
1698 0 0
1699 0 0
1700 0 0
1701 486 3460
1702 0 0
1703 0 0
1704 0 0
1705 0 0
1706 486 3500
1707 0 0
1708 0 0
1709 0 0
1710 0 0
1711 0 0
1712 0 0
1713 0 0
1714 0 0
1715 0 0
1716 0 123
1717 163 40
1718 0 0
1719 0 0
1720 0 0
1721 0 0
1722 0 0
1723 0 0
1724 0 0
1725 435 179
1726 0 0
1727 0 0
1728 0 0
1729 0 0
1730 0 0
1731 486 3500
1732 486 3500
1733 0 0
1734 0 0
1735 0 0
1736 0 0
1737 165 153
1738 710 3492
1739 243 219
1740 259 3353
1741 211 179
1742 0 0
1743 0 0
1744 0 0
1745 0 0
1746 0 0
1747 0 0
1748 0 0
1749 0 0
1750 243 895
1751 40 0
1752 0 0
1753 0 0
1754 0 0
1755 435 179
1756 0 0
1757 0 0
1758 0 0
1759 0 0
1760 0 0
1761 0 0
1762 0 0
1763 0 0
1764 0 0
1765 163 123
1766 0 0
1767 446 3500
1768 40 0
1769 486 3500
1770 0 0
1771 486 3500
1772 0 0
1773 0 0
1774 0 0
1775 0 0
1776 259 3281
1777 227 219
1778 0 0
1779 0 0
1780 0 0
1781 0 0
1782 0 0
1783 0 0
1784 486 3500
1785 435 179
1786 0 0
1787 0 0
1788 0 0
1789 0 0
1790 0 0
1791 0 0
1792 0 0
1793 0 0
1794 163 123
1795 0 0
1796 0 0
1797 0 0
1798 0 0
1799 0 0
1800 0 0
1801 0 0
1802 0 0
1803 0 0
1804 0 0
1805 163 163
1806 0 0
1807 0 0
1808 486 3500
1809 0 0
1810 0 0
1811 0 0
1812 40 815
1813 120 374
1814 0 0
1815 435 179
1816 0 0
1817 0 0
1818 0 0
1819 0 0
1820 0 0
1821 0 0
1822 486 3500
1823 0 0
1824 0 0
1825 0 0
1826 0 0
1827 486 3500
1828 0 0
1829 0 0
1830 0 0
1831 0 0
1832 0 0
1833 0 0
1834 0 0
1835 0 0
1836 0 0
1837 163 123
1838 0 0
1839 0 0
1840 0 0
1841 0 0
1842 0 0
1843 0 0
1844 0 0
1845 435 179
1846 0 0
1847 0 0
1848 0 0
1849 0 0
1850 0 0
1851 0 0
1852 0 0
1853 0 0
1854 0 0
1855 40 123
1856 123 40
1857 0 0
1858 0 0
1859 0 0
1860 0 0
1861 0 0
1862 0 0
1863 0 0
1864 0 0
1865 40 123
1866 123 40
1867 0 0
1868 0 0
1869 0 0
1870 0 0
1871 0 0
1872 0 0
1873 0 0
1874 0 0
1875 475 302
1876 0 0
1877 0 0
1878 0 0
1879 0 0
1880 0 0
1881 0 0
1882 0 0
1883 0 0
1884 0 0
1885 123 123
1886 40 0
1887 0 0
1888 0 0
1889 0 0
1890 0 0
1891 0 0
1892 0 0
1893 0 0
1894 0 0
1895 0 0
1896 163 163
1897 0 0
1898 366 3500
1899 40 0
1900 486 3500
1901 0 0
1902 0 0
1903 0 0
1904 0 0
1905 435 179
1906 0 0
1907 0 0
1908 0 0
1909 0 0
1910 0 0
1911 0 0
1912 0 0
1913 0 0
1914 0 0
1915 123 123
1916 40 0
1917 0 0
1918 0 0
1919 451 179
1920 0 0
1921 0 0
1922 0 0
1923 0 0
1924 0 0
1925 0 0
1926 0 0
1927 0 0
1928 0 0
1929 163 123
1930 0 0
1931 0 0
1932 0 0
1933 486 3500
1934 0 0
1935 435 179
1936 0 0
1937 486 3500
1938 0 0
1939 0 0
1940 0 0
1941 0 0
1942 0 0
1943 486 3500
1944 0 0
1945 0 0
1946 0 0
1947 0 0
1948 0 0
1949 486 3500
1950 0 0
1951 0 0
1952 0 0
1953 0 0
1954 0 0
1955 0 0
1956 0 0
1957 0 0
1958 163 123
1959 0 0
