4030 0 0
4031 163 163
4032 0 0
4033 0 0
4034 0 0
4035 0 0
4036 0 0
4037 219 3353
4038 5571 3734
4039 670 179
4040 0 0
4041 0 0
4042 0 0
4043 0 0
4044 0 0
4045 0 0
4046 0 0
4047 0 0
4048 0 0
4049 163 123
4050 0 0
4051 0 0
4052 0 0
4053 0 0
4054 0 0
4055 0 0
4056 0 0
4057 0 0
4058 0 0
4059 163 123
4060 0 0
4061 0 0
4062 0 0
4063 160 1189
4064 486 3500
4065 0 0
4066 0 0
4067 0 0
4068 0 0
4069 486 3532
4070 0 0
4071 435 179
4072 0 0
4073 0 0
4074 0 0
4075 0 0
4076 0 0
4077 259 3353
4078 227 179
4079 0 0
4080 0 0
4081 486 3532
4082 0 0
4083 0 0
4084 0 0
4085 0 0
4086 0 0
4087 0 0
4088 0 0
4089 0 0
4090 0 0
4091 163 123
4092 0 0
4093 0 0
4094 0 0
4095 0 0
4096 0 0
4097 0 0
4098 486 3532
4099 665 3631
4100 40 179
4101 0 0
4102 0 0
4103 0 0
4104 0 0
4105 0 0
4106 0 0
4107 0 0
4108 0 0
4109 0 0
4110 724 5015
4111 0 0
4112 585 3532
4113 0 0
4114 0 0
4115 0 0
4116 0 0
4117 0 0
4118 0 0
4119 486 3532
4120 0 0
4121 0 0
4122 0 0
4123 446 3532
4124 40 0
4125 0 0
4126 435 179
4127 486 3532
4128 0 0
4129 0 0
4130 0 0
4131 486 3500
4132 0 0
4133 0 0
4134 0 0
4135 259 3313
4136 678 398
4137 0 0
4138 0 0
4139 0 0
4140 0 0
4141 0 0
4142 0 0
4143 0 0
4144 0 0
4145 0 0
4146 163 123
4147 0 0
4148 0 0
4149 0 0
4150 486 3532
4151 0 0
4152 0 0
4153 0 0
4154 0 0
4155 0 0
4156 0 0
4157 0 0
4158 0 0
4159 163 123
4160 0 0
4161 446 3532
4162 40 0
4163 0 0
4164 0 0
4165 0 0
4166 0 0
4167 0 0
4168 0 0
4169 0 0
4170 0 0
4171 937 3711
4172 0 0
4173 0 0
4174 0 0
4175 446 3532
4176 40 0
4177 0 0
4178 0 0
4179 0 0
4180 0 0
4181 435 179
4182 0 0
4183 0 0
4184 0 0
4185 0 0
4186 0 0
4187 0 0
4188 0 0
4189 0 0
4190 0 0
4191 0 0
4192 163 123
4193 0 0
4194 0 0
4195 0 0
4196 0 0
4197 0 0
4198 0 0
4199 486 3500
4200 0 0
4201 0 0
4202 0 0
4203 0 0
4204 0 0
4205 486 3532
4206 0 0
4207 486 3532
4208 0 0
4209 0 0
4210 0 0
4211 0 0
4212 0 0
4213 160 1189
4214 0 0
4215 0 0
4216 0 0
4217 123 40
4218 0 0
4219 0 0
4220 0 0
4221 0 0
4222 0 0
4223 0 0
4224 40 123
4225 0 0
4226 0 0
4227 0 0
4228 123 40
4229 0 0
4230 0 0
4231 0 0
4232 0 0
4233 0 0
4234 5547 2561
4235 1047 1332
4236 443 179
4237 40 0
4238 0 0
4239 0 0
4240 0 0
4241 0 0
4242 0 0
4243 0 0
4244 0 0
4245 486 3532
4246 0 0
4247 0 0
4248 0 0
4249 0 0
4250 0 0
4251 0 0
4252 0 0
4253 0 0
4254 163 3436
4255 406 219
4256 0 0
4257 0 0
4258 0 0
4259 0 0
4260 0 0
4261 0 0
4262 0 0
4263 0 0
4264 0 0
4265 609 3663
4266 40 0
4267 0 0
4268 0 0
4269 0 0
4270 0 0
4271 0 0
4272 0 0
4273 0 0
4274 0 0
4275 0 0
4276 163 163
4277 0 0
4278 0 0
4279 0 0
4280 0 0
4281 0 0
4282 0 0
4283 932 7064
4284 526 3532
4285 0 0
4286 0 0
4287 0 0
4288 0 0
4289 446 3532
4290 40 0
4291 443 0
4292 40 179
4293 0 0
4294 0 0
4295 0 0
4296 0 0
4297 0 0
4298 0 0
4299 0 0
4300 0 0
4301 486 3532
4302 937 3671
4303 0 0
4304 0 0
4305 395 0
4306 40 179
4307 0 0
4308 0 0
4309 0 0
4310 411 179
4311 40 0
4312 0 0
4313 0 0
4314 486 3532
4315 0 0
4316 0 0
4317 0 0
4318 0 0
4319 0 0
4320 0 0
4321 0 0
4322 0 0
4323 0 0
4324 0 0
4325 163 123
4326 0 0
4327 0 0
4328 0 0
4329 0 0
